	Luminal_Macrophages	Type 2 alveolar	Fibroblasts	Dendritic cells
0	0.66057765	0.2797893	0.042492654	0.017140413
1	0.3491604	0.36955172	0.20876935	0.07251853
2	0.26039836	0.058732793	0.4567448	0.22412406
3	0.34476912	0.042513613	0.2696629	0.34305435
4	0.48818156	0.034721892	0.44205543	0.035041098
5	0.4152947	0.019655228	0.3754736	0.18957646
6	0.26519072	0.24477248	0.2012481	0.2887887
7	0.08346992	0.24714369	0.2576471	0.4117393
8	0.25777692	0.40112254	0.047111455	0.29398906
9	0.18885143	0.46680933	0.13203646	0.2123028
10	0.285715	0.053832315	0.34761077	0.31284192
11	0.30702475	0.20080967	0.1723775	0.3197881
12	0.16011074	0.4029399	0.3752068	0.061742555
13	0.263258	0.3879597	0.31846878	0.030313531
14	0.14270191	0.44784227	0.093328685	0.31612715
15	0.34695792	0.3088228	0.19133057	0.1528887
16	0.46272862	0.35587972	0.1123843	0.06900737
17	0.28195748	0.28124684	0.1762807	0.26051494
18	0.10570601	0.010154916	0.32072896	0.5634101
19	0.2548883	0.19213633	0.14503762	0.40793774
20	0.33355862	0.3316173	0.042569343	0.29225475
21	0.1660614	0.38224983	0.34364232	0.10804644
22	0.16564342	0.56307876	0.08716854	0.18410926
23	0.12685297	0.15330516	0.21869446	0.5011474
24	0.29042506	0.16729233	0.37756938	0.16471325
25	0.3363053	0.37704378	0.058599524	0.22805141
26	0.08134312	0.44500622	0.27966616	0.19398452
27	0.13112795	0.148171	0.20565917	0.5150419
28	0.57908857	0.009252549	0.2165341	0.19512478
29	0.40830487	0.2181832	0.3395193	0.033992644
30	0.44695136	0.40959364	0.13032906	0.013125944
31	0.24185194	0.29562366	0.17298268	0.28954172
32	0.1774356	0.3726074	0.12682572	0.32313126
33	0.020235624	0.4238161	0.22974096	0.3262073
34	0.15008196	0.040253386	0.37315542	0.43650922
35	0.43018913	0.06979674	0.044501495	0.45551264
36	0.28613287	0.24697351	0.2768307	0.1900629
37	0.059861653	0.38263226	0.2291586	0.3283475
38	0.07485073	0.11041294	0.62454987	0.19018649
39	0.21034685	0.30056652	0.21338731	0.27569932
40	0.2784154	0.3680344	0.12546788	0.2280823
41	0.53022707	0.03490338	0.3089552	0.12591437
42	0.63271135	0.10780589	0.058278047	0.2012047
43	0.7567494	0.057891566	0.019605385	0.16575363
44	0.052979954	0.29735693	0.38053057	0.26913255
45	0.09533123	0.5369342	0.36336178	0.0043728063
46	0.15835802	0.29864606	0.38158205	0.16141388
47	0.049089536	0.33923802	0.30562958	0.30604288
48	0.2930918	0.13447708	0.24954396	0.32288712
49	0.071251415	0.44957396	0.32593435	0.15324028
50	0.5644522	0.12766138	0.26395577	0.04393067
51	0.35029137	0.20837715	0.24513695	0.19619453
52	0.14227356	0.16895649	0.40077263	0.2879973
53	0.425065	0.08770367	0.41590104	0.07133029
54	0.18166892	0.3038579	0.35881078	0.15566242
55	0.14485647	0.22390507	0.3676026	0.26363587
56	0.42036667	0.1946312	0.29194725	0.09305486
57	0.28532457	0.15241013	0.44781813	0.11444716
58	0.3058648	0.017200444	0.5537411	0.123193674
59	0.4102167	0.3201648	0.042344764	0.22727375
60	0.15848203	0.46456224	0.18040513	0.19655062
61	0.5000506	0.19677916	0.28670508	0.016465172
62	0.12774603	0.41782275	0.04571316	0.40871808
63	0.20674369	0.36014012	0.28495765	0.14815855
64	0.34112468	0.28802037	0.26506564	0.1057893
65	0.17895202	0.22527392	0.22494172	0.37083232
66	0.31035572	0.022156559	0.15578417	0.51170355
67	0.56605583	0.3758713	0.007289119	0.05078375
68	0.20079312	0.10405749	0.39303693	0.30211246
69	0.044963107	0.68739253	0.20931704	0.05832733
70	0.546968	0.050174456	0.10400696	0.2988506
71	0.2985442	0.14276668	0.41541255	0.14327659
72	0.4614426	0.17786881	0.29299498	0.06769364
73	0.40652484	0.113542475	0.33727166	0.14266104
74	0.022381539	0.6065927	0.3388897	0.032136083
75	0.3216031	0.33687395	0.13628347	0.20523947
76	0.16406713	0.2420728	0.31097043	0.2828896
77	0.21238257	0.22186811	0.17029102	0.3954583
78	0.117682695	0.40425617	0.196211	0.28185013
79	0.26756316	0.23714535	0.11268715	0.38260433
80	0.37768674	0.14398459	0.16130076	0.31702793
81	0.45585468	0.08620455	0.41966286	0.0382779
82	0.28743944	0.11959689	0.3225701	0.27039358
83	0.48245576	0.35087168	0.11122398	0.05544858
84	0.29609516	0.37009966	0.12802956	0.20577563
85	0.08784215	0.4877011	0.26905224	0.15540454
86	0.013403882	0.41559675	0.21740198	0.35359737
87	0.477724	0.21151827	0.27612782	0.03462992
88	0.115041256	0.38575742	0.17399976	0.32520157
89	0.120453365	0.20651871	0.62600183	0.047026128
90	0.17492124	0.27238873	0.23491576	0.31777427
91	0.3015995	0.3417711	0.08669167	0.26993775
92	0.16074167	0.33264259	0.44259268	0.06402306
93	0.19745387	0.28210193	0.46421733	0.05622685
94	0.36279288	0.10085423	0.040868398	0.49548447
95	0.26747245	0.38781255	0.009706011	0.335009
96	0.32804596	0.16117114	0.26336947	0.24741341
97	0.47677234	0.29514074	0.1574608	0.0706261
98	0.18541293	0.20561622	0.4186859	0.19028494
99	0.24206316	0.33866525	0.21113244	0.20813915
100	0.063188836	0.2950914	0.41966712	0.22205265
101	0.06426436	0.44687894	0.32426062	0.16459608
102	0.16641445	0.2582741	0.30824748	0.26706398
103	0.052129094	0.40682656	0.3999023	0.14114201
104	0.25770578	0.28775632	0.10115526	0.35338262
105	0.33881673	0.18413827	0.20067759	0.2763674
106	0.16442034	0.31170535	0.26300955	0.26086476
107	0.12377361	0.12292157	0.32896736	0.42433745
108	0.25628972	0.18622926	0.26233736	0.29514366
109	0.056739457	0.43861333	0.08901594	0.41563126
110	0.24479334	0.40433025	0.2586816	0.09219483
111	0.23511301	0.028352037	0.4274154	0.30911955
112	0.28274357	0.25796318	0.22094536	0.23834787
113	0.022823136	0.41580567	0.36122578	0.20014541
114	0.45115134	0.22598006	0.31675345	0.0061151553
115	0.26121023	0.13275576	0.2649528	0.34108117
116	0.1386926	0.28648245	0.20907871	0.36574623
117	0.2800093	0.30680847	0.044580385	0.36860183
118	0.09099161	0.004654819	0.4516484	0.45270514
119	0.20311089	0.17766464	0.2142785	0.40494597
120	0.034169056	0.4086198	0.47854614	0.07866502
121	0.15670301	0.37895373	0.07982203	0.38452125
122	0.022357173	0.45042583	0.4617364	0.06548058
123	0.12914497	0.15307215	0.50764734	0.21013556
124	0.37304646	0.28844416	0.28149885	0.05701053
125	0.56418616	0.0335204	0.36214936	0.040144093
126	0.112143606	0.32588038	0.28481504	0.27716097
127	0.27811202	0.20431598	0.2503566	0.26721537
128	0.34469432	0.3048424	0.041179493	0.3092838
129	0.7791601	0.0006615443	0.21345416	0.006724187
130	0.060179055	0.44163805	0.36594388	0.13223903
131	0.13849182	0.2688246	0.31959412	0.27308947
132	0.21639994	0.2615354	0.29473996	0.2273247
133	0.28937	0.29484674	0.04623135	0.3695519
134	0.07208373	0.07525197	0.21695572	0.6357086
135	0.10579297	0.37479162	0.061490107	0.45792532
136	0.24217775	0.12907664	0.39670202	0.23204358
137	0.33843726	0.23496273	0.20553353	0.22106646
138	0.1777024	0.33643183	0.31064034	0.17522545
139	0.1545666	0.14531404	0.4665614	0.23355794
140	0.257193	0.20432465	0.04137915	0.49710318
141	0.2884323	0.18880779	0.023881705	0.49887824
142	0.1733832	0.2908821	0.22333132	0.31240338
143	0.49948487	0.11021162	0.1450995	0.24520402
144	0.35469574	0.16227385	0.20864312	0.27438727
145	0.33780962	0.04047762	0.08125416	0.5404586
146	0.37275192	0.14322731	0.39588553	0.08813523
147	0.3796068	0.005453707	0.20216465	0.41277483
148	0.07607605	0.25557783	0.2796464	0.38869974
149	0.1320923	0.17583215	0.32596412	0.36611143
150	0.21594913	0.261669	0.19402501	0.32835686
151	0.34248084	0.20596062	0.34828097	0.10327758
152	0.33673644	0.3074153	0.13796864	0.2178796
153	0.2223974	0.38357928	0.03830913	0.3557142
154	0.43615866	0.25460163	0.10823949	0.20100023
155	0.46083853	0.06820836	0.15801851	0.3129346
156	0.2019588	0.2984127	0.15473227	0.34489623
157	0.48822585	0.18396527	0.13367194	0.19413695
158	0.33994898	0.09583827	0.3112562	0.25295657
159	0.4194314	0.26056316	0.23000763	0.08999782
160	0.17829557	0.2610991	0.23463748	0.32596785
161	0.26734248	0.072505295	0.15017192	0.5099803
162	0.39113578	0.086533405	0.25856456	0.2637663
163	0.16299887	0.5372796	0.25472108	0.04500045
164	0.10753799	0.5011422	0.35279155	0.03852827
165	0.6938495	0.071508385	0.17632796	0.058314152
166	0.20493363	0.42942125	0.36075693	0.004888196
167	0.17669418	0.10084759	0.3090945	0.41336375
168	0.06660033	0.02779703	0.5337728	0.3718298
169	0.36170802	0.30263153	0.08497042	0.25069
170	0.3495441	0.24915877	0.1383216	0.26297554
171	0.384564	0.465974	0.07429731	0.07516466
172	0.031893518	0.30926302	0.3480511	0.31079236
173	0.10630442	0.07883221	0.3014641	0.51339924
174	0.4346548	0.3292173	0.21841708	0.017710784
175	0.27146763	0.27763987	0.14558342	0.3053091
176	0.51148903	0.11230792	0.08888896	0.28731406
177	0.12797529	0.2540587	0.46068594	0.1572801
178	0.09977289	0.50091535	0.16748656	0.23182519
179	0.33195254	0.0883361	0.38338405	0.19632731
180	0.16361652	0.33652323	0.16744925	0.332411
181	0.364755	0.1513842	0.29577458	0.18808623
182	0.37617782	0.17310764	0.32121882	0.12949573
183	0.10363981	0.1805765	0.3294438	0.38633984
184	0.27513573	0.16318963	0.34561938	0.21605524
185	0.463443	0.011341095	0.08139202	0.44382387
186	0.30687255	0.2816226	0.3297838	0.08172103
187	0.27503738	0.19971953	0.0964234	0.42881966
188	0.18601076	0.32392648	0.0744676	0.41559514
189	0.26819462	0.11977925	0.35503516	0.25699097
190	0.3203119	0.019543845	0.139806	0.52033824
191	0.13651626	0.15710165	0.34295347	0.36342865
192	0.2655091	0.4092001	0.27977583	0.045514982
193	0.39093325	0.082479745	0.19457395	0.33201307
194	0.3373238	0.23298793	0.19847235	0.23121592
195	0.41613713	0.15582857	0.40037945	0.027654875
196	0.07357154	0.39108914	0.3207288	0.21461052
197	0.22579476	0.324418	0.3063497	0.14343752
198	0.19021308	0.040017843	0.38387161	0.38589746
199	0.2790932	0.16552554	0.17023948	0.38514176
200	0.16846697	0.40506876	0.17164351	0.25482076
201	0.09748047	0.22208206	0.30396134	0.37647614
202	0.19877192	0.12900788	0.4027285	0.2694917
203	0.06547648	0.268523	0.38372305	0.28227746
204	0.35734048	0.36442122	0.08650372	0.19173458
205	0.16907552	0.07538906	0.48162872	0.27390668
206	0.30432206	0.22103985	0.2875213	0.18711677
207	0.06471534	0.38758758	0.39257374	0.15512335
208	0.22713096	0.56184214	0.14483874	0.066188164
209	0.084751636	0.24243179	0.3238549	0.34896168
210	0.13001567	0.08918033	0.4578865	0.32291752
211	0.27541667	0.29279825	0.093339145	0.33844593
212	0.061319266	0.07579523	0.2278525	0.635033
213	0.30070534	0.31924692	0.16715771	0.21289004
214	0.24725972	0.3824032	0.076838546	0.29349852
215	0.18689628	0.22328417	0.5784621	0.01135744
216	0.23754472	0.2106735	0.28421372	0.26756805
217	0.10472502	0.32632935	0.5351566	0.033789005
218	0.024056148	0.18851647	0.5075736	0.27985376
219	0.45591006	0.37575614	0.09575562	0.07257818
220	0.16291445	0.21354365	0.06447545	0.5590665
221	0.31224853	0.21587177	0.3083764	0.1635033
222	0.08203361	0.26168332	0.15907858	0.49720448
223	0.37675464	0.1149048	0.0057174787	0.5026231
224	0.24089465	0.17384346	0.29313755	0.29212433
225	0.071787216	0.15599814	0.22733541	0.54487926
226	0.46664408	0.29540125	0.21278541	0.025169259
227	0.27221432	0.28565744	0.004305334	0.4378229
228	0.058465496	0.0384952	0.4441522	0.4588871
229	0.15962946	0.114678904	0.32120702	0.4044846
230	0.19147402	0.27478796	0.28923818	0.24449982
231	0.23858142	0.13399792	0.3077531	0.3196676
232	0.43873012	0.14607917	0.37456733	0.04062337
233	0.088502556	0.32529184	0.21953253	0.36667308
234	0.4854056	0.4375217	0.039700966	0.037371743
235	0.34728852	0.16110373	0.38438445	0.10722327
236	0.40314314	0.06476382	0.12599283	0.4061002
237	0.23784468	0.29731283	0.14365108	0.3211914
238	0.103331074	0.40192503	0.106732816	0.3880111
239	0.38302422	0.15955101	0.24679002	0.21063475
240	0.08316101	0.5195495	0.17608379	0.22120571
241	0.16054921	0.26934564	0.3972698	0.1728354
242	0.1769976	0.043255568	0.4284235	0.35132334
243	0.09512146	0.2737869	0.4808165	0.15027516
244	0.24959984	0.26153615	0.19071527	0.29814872
245	0.25392616	0.34974992	0.30835763	0.087966256
246	0.302244	0.26744196	0.22555618	0.20475787
247	0.09858075	0.3554471	0.17840266	0.36756948
248	0.3133941	0.38463536	0.009028964	0.29294154
249	0.30927482	0.03620686	0.3232865	0.3312318
250	0.23196062	0.22552517	0.44806135	0.094452865
251	0.33475417	0.18878374	0.10156145	0.37490067
252	0.21070817	0.32905185	0.15605935	0.30418062
253	0.4777346	0.1436791	0.01077824	0.36780804
254	0.281505	0.10413275	0.49499705	0.11936521
255	0.08859217	0.3289985	0.13859455	0.44381475
256	0.4885024	0.069282815	0.2936215	0.14859328
257	0.27271703	0.5383686	0.1810496	0.007864783
258	0.19038871	0.05769431	0.4841875	0.26772946
259	0.21276642	0.050874975	0.23300838	0.50335026
260	0.42639515	0.3389412	0.044902213	0.18976144
261	0.042412493	0.3790091	0.30228025	0.27629814
262	0.20687214	0.37048018	0.031230628	0.39141706
263	0.30457336	0.30219272	0.22145112	0.17178279
264	0.2714436	0.21223192	0.10485826	0.4114662
265	0.3047162	0.32954097	0.29959288	0.06614997
266	0.3009844	0.0074814837	0.29175988	0.3997742
267	0.35816634	0.013435645	0.2698613	0.35853672
268	0.26700932	0.20215093	0.3010722	0.22976753
269	0.22600394	0.25313863	0.34160444	0.179253
270	0.31335187	0.06885487	0.3342899	0.28350335
271	0.47222257	0.05220792	0.34082612	0.13474338
272	0.03147282	0.43015477	0.13973036	0.39864203
273	0.11146091	0.21841557	0.3216298	0.34849373
274	0.048192568	0.33908853	0.35907975	0.25363916
275	0.06103638	0.36879128	0.30671328	0.26345906
276	0.33295518	0.17168859	0.24954414	0.24581209
277	0.44244844	0.19990873	0.2654682	0.09217462
278	0.2247952	0.4185315	0.19873653	0.15793675
279	0.38705164	0.07483282	0.2965348	0.24158075
280	0.19992726	0.3769297	0.22961466	0.1935284
281	0.17018305	0.2350108	0.30241844	0.2923877
282	0.49862853	0.014556141	0.46700886	0.019806452
283	0.32548648	0.35852745	0.27587444	0.04011164
284	0.37677202	0.1383423	0.17594112	0.30894455
285	0.15823384	0.2118827	0.024181493	0.605702
286	0.1009062	0.38892418	0.21788657	0.29228306
287	0.20440312	0.25265083	0.23284264	0.3101034
288	0.44323698	0.13805623	0.08240167	0.33630514
289	0.11814149	0.5886084	0.24761358	0.045636557
290	0.3086658	0.3571553	0.059220925	0.27495798
291	0.28671908	0.19760837	0.2670586	0.24861394
292	0.015197583	0.53517216	0.09914836	0.35048193
293	0.38173848	0.06183058	0.23489624	0.3215347
294	0.10233058	0.40845576	0.1695948	0.31961885
295	0.20060639	0.28780267	0.18304458	0.32854635
296	0.24724185	0.52009934	0.16375148	0.06890732
297	0.19342184	0.25708157	0.10915662	0.44033995
298	0.28423926	0.31342092	0.16927347	0.23306635
299	0.19483463	0.06445852	0.5718616	0.16884525
300	0.22397637	0.32750818	0.18123828	0.26727718
301	0.020147065	0.57087326	0.39106935	0.017910302
302	0.47642955	0.28214738	0.014673149	0.22674993
303	0.24288115	0.43862644	0.12566811	0.19282432
304	0.21386506	0.42906845	0.27895895	0.07810755
305	0.20770417	0.22912705	0.29402858	0.26914018
306	0.19381885	0.23264404	0.56615674	0.007380341
307	0.12585524	0.32414907	0.25358543	0.2964103
308	0.11307234	0.17631233	0.4082901	0.30232525
309	0.30352327	0.35351765	0.026832797	0.3161263
310	0.0052699707	0.40634114	0.31585267	0.27253622
311	0.047199465	0.3536988	0.30239454	0.29670718
312	0.21554774	0.24611425	0.27410066	0.26423737
313	0.30710542	0.2690473	0.15969789	0.2641494
314	0.19151081	0.06478037	0.31751588	0.4261929
315	0.12423578	0.3979057	0.21622716	0.26163134
316	0.34936336	0.29510906	0.076693945	0.27883363
317	0.4216283	0.3390515	0.13923079	0.10008941
318	0.27585217	0.26837593	0.40274516	0.053026747
319	0.20077446	0.56861293	0.2269444	0.003668231
320	0.5811676	0.19480409	0.1549872	0.06904112
321	0.5681263	0.03114714	0.32813916	0.07258739
322	0.029082717	0.40933144	0.12278257	0.43880326
323	0.36889312	0.14478149	0.3647101	0.12161531
324	0.21064098	0.20680802	0.20021288	0.38233814
325	0.1950275	0.33667618	0.31613252	0.15216379
326	0.4857034	0.04741896	0.13692182	0.3299558
327	0.052944414	0.39491668	0.35341287	0.19872603
328	0.15337285	0.38382107	0.28011084	0.18269525
329	0.22826947	0.23194374	0.14801002	0.39177677
330	0.0958312	0.20941694	0.15580061	0.5389512
331	0.28406155	0.15331557	0.054487243	0.5081356
332	0.41453788	0.13081138	0.056810293	0.39784044
333	0.2982646	0.22451977	0.33468324	0.14253238
334	0.004570943	0.52366847	0.09555482	0.37620577
335	0.32995698	0.41727823	0.22602704	0.026737733
336	0.25178438	0.27779943	0.1953511	0.27506506
337	0.24115087	0.24984783	0.29566702	0.21333428
338	0.25531438	0.076414585	0.47706553	0.19120552
339	0.260247	0.006797273	0.25435737	0.4785984
340	0.32816502	0.015879763	0.28307518	0.37288
341	0.19895756	0.41478527	0.200464	0.18579316
342	0.39398366	0.11726606	0.108253025	0.38049725
343	0.23122418	0.13103656	0.14884351	0.48889574
344	0.43537238	0.34976846	0.004027489	0.21083167
345	0.28569442	0.29584163	0.12504773	0.2934162
346	0.04083673	0.30465	0.35225445	0.30225882
347	0.1987171	0.22110641	0.21401206	0.36616445
348	0.33809438	0.050958183	0.2573874	0.35356003
349	0.39640537	0.26834655	0.14839903	0.18684903
350	0.16242659	0.42465132	0.27939335	0.13352872
351	0.05082362	0.1380673	0.2909802	0.52012885
352	0.20875381	0.06264277	0.166237	0.5623664
353	0.1282863	0.21620704	0.08432162	0.57118505
354	0.34836584	0.20076989	0.23048276	0.22038151
355	0.088753335	0.37428588	0.35940424	0.17755656
356	0.31221056	0.20856372	0.31148323	0.1677425
357	0.19185752	0.251914	0.23180485	0.32442364
358	0.3687816	0.29215053	0.009210996	0.3298569
359	0.17510435	0.15857607	0.33643728	0.3298823
360	0.1339026	0.027525866	0.32918674	0.5093848
361	0.2551435	0.45811242	0.12754168	0.15920243
362	0.19525802	0.4041216	0.28754252	0.113077834
363	0.3024851	0.34864917	0.19500284	0.15386288
364	0.5142239	0.3671895	0.016584521	0.10200212
365	0.16092768	0.3238188	0.17343965	0.34181386
366	0.3648168	0.15302256	0.31901464	0.16314602
367	0.19571058	0.13438208	0.31176516	0.35814217
368	0.10738937	0.32397193	0.29646483	0.27217388
369	0.31735107	0.16912961	0.20944202	0.3040773
370	0.13713008	0.33874297	0.37208763	0.15203935
371	0.27183434	0.3117537	0.12334661	0.29306534
372	0.13384153	0.006068591	0.67918426	0.1809056
373	0.039600648	0.25702766	0.30849963	0.39487207
374	0.39399633	0.16750178	0.030252675	0.4082492
375	0.29219186	0.070845045	0.46134448	0.17561859
376	0.26428208	0.24655062	0.43465477	0.054512527
377	0.42216775	0.20820521	0.2114712	0.15815583
378	0.0540319	0.39348203	0.5371777	0.015308416
379	0.044064216	0.33881196	0.25108552	0.3660383
380	0.2618678	0.16961114	0.29585233	0.27266875
381	0.23453306	0.12255265	0.31655183	0.32636246
382	0.2640512	0.38392273	0.19419892	0.15782712
383	0.36187863	0.08065385	0.4934466	0.064020924
384	0.2519884	0.33809993	0.023714531	0.38619712
385	0.3429452	0.3587339	0.22514503	0.07317588
386	0.041393295	0.57078284	0.046680484	0.34114337
387	0.3317245	0.3852608	0.037736192	0.24527854
388	0.37662795	0.30510005	0.15818231	0.1600897
389	0.15808134	0.34483227	0.38822392	0.10886249
390	0.3378713	0.2892541	0.15609589	0.21677871
391	0.20166653	0.102560975	0.6465878	0.049184687
392	0.33677843	0.15752198	0.21252348	0.2931761
393	0.33964217	0.0477696	0.2931278	0.31946045
394	0.2950463	0.026121395	0.23318747	0.44564483
395	0.3575122	0.090466395	0.13448454	0.41753685
396	0.18269952	0.13675384	0.4245081	0.25603855
397	0.22647518	0.19794081	0.2737312	0.3018528
398	0.16915338	0.3362278	0.12514175	0.36947706
399	0.11216509	0.0078375405	0.2645967	0.6154007
400	0.2994911	0.2756811	0.1469626	0.27786517
401	0.18239439	0.42695954	0.29722953	0.09341653
402	0.23994353	0.27160558	0.2878325	0.2006184
403	0.056540836	0.34254867	0.2933039	0.30760658
404	0.073968604	0.28765225	0.23256545	0.40581372
405	0.08865186	0.26155606	0.25193262	0.39785948
406	0.11565335	0.31541216	0.32509792	0.24383657
407	0.2639307	0.019731352	0.5565912	0.15974672
408	0.29131415	0.30851075	0.11613448	0.2840406
409	0.2578024	0.40033928	0.0033937418	0.3384646
410	0.30104804	0.10069203	0.5670981	0.03116184
411	0.3938385	0.4233307	0.18156199	0.0012687921
412	0.013758088	0.5972916	0.22360413	0.16534622
413	0.39289996	0.18468095	0.25391	0.16850907
414	0.0012921363	0.4664131	0.45531365	0.0769811
415	0.18908316	0.05110472	0.34830365	0.41150847
416	0.24461623	0.38518363	0.15414663	0.2160535
417	0.6481465	0.0037272384	0.31288058	0.035245713
418	0.5941766	0.1853987	0.061390948	0.15903376
419	0.066808745	0.036055513	0.2824826	0.61465317
420	0.3556902	0.033983488	0.3264399	0.2838864
421	0.1529331	0.59891194	0.15652601	0.09162895
422	0.09994791	0.41963556	0.18905403	0.2913625
423	0.21377912	0.15124048	0.13270283	0.50227755
424	0.048860855	0.39238185	0.37431276	0.18444453
425	0.053233624	0.07959878	0.4609685	0.4061991
426	0.08213536	0.0269867	0.41687736	0.47400057
427	0.2936425	0.30752137	0.1872792	0.21155694
428	0.15901625	0.0050965766	0.6218283	0.21405885
429	0.26293293	0.13890727	0.19401123	0.40414858
430	0.031457245	0.010692914	0.63604087	0.32180893
431	0.19409297	0.30957073	0.114294134	0.38204214
432	0.06024286	0.41111308	0.39735976	0.1312843
433	0.67435914	0.14475434	0.00929484	0.17159168
434	0.002266316	0.26156992	0.38347778	0.35268602
435	0.32501414	0.041215017	0.16872129	0.46504956
436	0.1340143	0.31370282	0.2706583	0.28162456
437	0.18481664	0.3193646	0.4692389	0.026579823
438	0.46599042	0.0582137	0.015311217	0.46048465
439	0.33143336	0.1365348	0.22803445	0.3039974
440	0.15604809	0.1678929	0.270149	0.40591002
441	0.2735112	0.14104533	0.37697455	0.20846891
442	0.2623575	0.34007344	0.14119664	0.25637242
443	0.07504141	0.16301708	0.13105862	0.63088286
444	0.16596378	0.44408324	0.1193386	0.27061436
445	0.15482017	0.10897574	0.3934044	0.3427997
446	0.55713075	0.1685236	0.21982422	0.054521438
447	0.048237342	0.2751053	0.33689094	0.3397664
448	0.005227413	0.3587638	0.417648	0.21836077
449	0.15778881	0.13866162	0.22008258	0.48346698
450	0.31532535	0.047736317	0.32857215	0.30836618
451	0.020056045	0.20552278	0.5736211	0.20080008
452	0.13129237	0.18658544	0.31851438	0.3636078
453	0.4739137	0.24552216	0.11446598	0.16609815
454	0.093831904	0.60906935	0.07300176	0.224097
455	0.5273199	0.077691875	0.1139569	0.2810313
456	0.22401972	0.07358453	0.276803	0.42559275
457	0.39396253	0.44531304	0.09721924	0.06350518
458	0.27078298	0.25893155	0.30411065	0.16617484
459	0.70571756	0.083382346	0.07104723	0.13985284
460	0.22806264	0.22554114	0.35105005	0.19534615
461	0.045802582	0.36369303	0.2728014	0.31770298
462	0.3845792	0.3704015	0.024880216	0.22013906
463	0.14668106	0.29702935	0.2648393	0.29145032
464	0.29211906	0.46462998	0.08860372	0.15464725
465	0.80779636	0.075080074	0.0730556	0.044067983
466	0.47112978	0.29877055	0.06549393	0.16460575
467	0.00068779505	0.45763814	0.52772313	0.013950919
468	0.3453517	0.375432	0.26357424	0.01564205
469	0.090206616	0.29772502	0.24845824	0.36361015
470	0.43770212	0.015080166	0.13244058	0.41477713
471	0.17083277	0.31208143	0.2912893	0.22579648
472	0.10161402	0.23391391	0.37901115	0.28546092
473	0.050611008	0.22511715	0.3982974	0.32597443
474	0.26412517	0.44313127	0.27094647	0.02179707
475	0.28037396	0.09691417	0.3737257	0.24898615
476	0.16369347	0.2248606	0.42119294	0.190253
477	0.26206577	0.4590286	0.23236644	0.04653918
478	0.28546536	0.1724547	0.25200635	0.29007357
479	0.31347984	0.06753522	0.52047557	0.09850938
480	0.15668318	0.44515833	0.043921206	0.35423726
481	0.3968264	0.20665799	0.10212508	0.29439056
482	0.034938604	0.48442194	0.2192103	0.26142916
483	0.01943426	0.41242743	0.27438846	0.29374984
484	0.42265847	0.2508094	0.31771562	0.008816521
485	0.38422346	0.33761296	0.26374105	0.014422543
486	0.24137866	0.24721679	0.19719283	0.3142117
487	0.37099266	0.42948917	0.023766117	0.17575206
488	0.081172444	0.45768693	0.4225866	0.038554028
489	0.21540222	0.17833096	0.35498703	0.2512798
490	0.47021398	0.06103562	0.17185898	0.29689145
491	0.14730021	0.2681693	0.28630725	0.2982232
492	0.04978816	0.11015329	0.45346934	0.3865892
493	0.3489639	0.33038706	0.13830619	0.18234287
494	0.32922968	0.025185907	0.15184848	0.49373594
495	0.40135658	0.3875272	0.14846814	0.06264808
496	0.14286059	0.1828574	0.29986066	0.37442133
497	0.20008466	0.074746445	0.032099918	0.693069
498	0.18803765	0.04139895	0.4244814	0.346082
499	0.25777107	0.03362678	0.41602483	0.29257733
500	0.3733386	0.13055499	0.2624788	0.23362759
501	0.47385967	0.2917397	0.12621765	0.10818298
502	0.3635722	0.15367067	0.11377114	0.368986
503	0.35501325	0.22449939	0.068232685	0.35225466
504	0.22163214	0.37579113	0.22666585	0.17591088
505	0.3230912	0.22138809	0.19820143	0.25731927
506	0.06943304	0.4423237	0.0927058	0.39553747
507	0.4200054	0.27162045	0.2379338	0.07044031
508	0.2779259	0.30264014	0.2729784	0.14645554
509	0.28513157	0.14348373	0.5666913	0.004693438
510	0.14246367	0.43975356	0.30392608	0.11385669
511	0.108808346	0.3507417	0.26749867	0.27295125
512	0.14560968	0.100805074	0.37626207	0.37732318
513	0.2051182	0.26204443	0.29573402	0.23710336
514	0.3087181	0.1374267	0.2879075	0.26594773
515	0.05372744	0.26465198	0.55105764	0.13056295
516	0.47769225	0.1966113	0.112997055	0.21269938
517	0.49103287	0.12586166	0.23636253	0.14674295
518	0.35812798	0.072244555	0.35373858	0.21588887
519	0.2537457	0.039557647	0.35632348	0.35037315
520	0.13183296	0.4165959	0.16963433	0.2819368
521	0.03080707	0.33015332	0.19477782	0.4442618
522	0.15373836	0.55782545	0.22388904	0.06454715
523	0.15848243	0.14544912	0.477585	0.21848345
524	0.17323051	0.49491557	0.32638428	0.005469641
525	0.41087365	0.23419532	0.0693872	0.28554383
526	0.37641257	0.26566592	0.24198096	0.11594054
527	0.1493394	0.36441094	0.17609806	0.31015158
528	0.21418482	0.26759887	0.4070096	0.11120673
529	0.21743165	0.2838368	0.3542943	0.14443721
530	0.079149365	0.3184987	0.18839727	0.41395468
531	0.30398807	0.23380728	0.23939234	0.22281232
532	0.032399334	0.35666433	0.41413906	0.19679728
533	0.108168095	0.39687702	0.33400822	0.16094667
534	0.013883797	0.3040313	0.3945233	0.2875616
535	0.30957288	0.25298962	0.28717935	0.15025815
536	0.052984472	0.25431907	0.20840184	0.48429462
537	0.0108789485	0.3876494	0.3291316	0.27234006
538	0.074225664	0.47003073	0.12632674	0.32941687
539	0.03324832	0.032167953	0.6995811	0.23500262
540	0.30283213	0.2578347	0.38709304	0.052240156
541	0.14006199	0.24684268	0.1883097	0.42478564
542	0.25334507	0.2877464	0.24100778	0.21790074
543	0.29506963	0.28911257	0.20996517	0.20585261
544	0.056534808	0.30185926	0.3620154	0.27959055
545	0.255386	0.046772126	0.10040836	0.5974335
546	0.3280427	0.22486407	0.14118229	0.30591097
547	0.13639222	0.37660998	0.119479954	0.36751786
548	0.21697152	0.17972492	0.47650677	0.12679678
549	0.34983483	0.18462312	0.0641641	0.40137795
550	0.43798846	0.06281099	0.1401134	0.35908714
551	0.22234009	0.26120704	0.25687405	0.2595788
552	0.12762764	0.020219611	0.7475159	0.10463684
553	0.32718357	0.41487956	0.02266253	0.23527434
554	0.28992197	0.15424724	0.26870772	0.28712308
555	0.3114381	0.24414319	0.072475135	0.37194356
556	0.38611764	0.3126875	0.20092809	0.10026678
557	0.2431759	0.1993537	0.32253334	0.23493709
558	0.19402115	0.396205	0.3493454	0.06042843
559	0.26505217	0.2570181	0.31155467	0.16637507
560	0.3435764	0.2107341	0.25092363	0.19476587
561	0.09976987	0.123411216	0.38240695	0.39441195
562	0.23954909	0.14902379	0.29110676	0.32032037
563	0.38485545	0.3282159	0.10809772	0.17883094
564	0.15988122	0.6334504	0.0058387388	0.20082968
565	0.49882302	0.3088786	0.1361158	0.056182567
566	0.24908683	0.05130332	0.3813105	0.31829935
567	0.2755372	0.27060586	0.24302043	0.2108365
568	0.32592654	0.30860287	0.073025204	0.29244536
569	0.32333332	0.39060897	0.1793188	0.10673892
570	0.29802567	0.2222334	0.20279215	0.2769488
571	0.3685134	0.23832831	0.22934555	0.16381274
572	0.38741416	0.2562384	0.16933976	0.1870077
573	0.07909716	0.11094993	0.5497575	0.26019546
574	0.21407484	0.10056056	0.4594146	0.22595
575	0.32690874	0.17687422	0.31850648	0.17771058
576	0.01503858	0.45768693	0.19694689	0.3303276
577	0.3843909	0.14567147	0.38607213	0.08386553
578	0.013092172	0.33675206	0.42736566	0.22279012
579	0.28019762	0.14850618	0.30405286	0.26724333
580	0.13669755	0.3397324	0.4390354	0.08453468
581	0.19260797	0.08902197	0.2989843	0.41938576
582	0.5958768	0.282888	0.01108489	0.11015031
583	0.27381232	0.34590405	0.21674061	0.16354299
584	0.3167795	0.21165597	0.2057753	0.2657892
585	0.27979928	0.19047219	0.20252217	0.32720637
586	0.46223268	0.15692012	0.009405954	0.37144125
587	0.40442166	0.23801294	0.1676603	0.1899051
588	0.2886453	0.30007112	0.051600643	0.35968295
589	0.17850776	0.30278328	0.0019690935	0.51673985
590	0.3488206	0.37074214	0.025292773	0.25514448
591	0.3548474	0.09601142	0.101404615	0.4477366
592	0.20364839	0.2823418	0.24041706	0.2735927
593	0.1109824	0.2823041	0.5642733	0.04244015
594	0.1684674	0.21143474	0.2439186	0.37617928
595	0.1355653	0.46319342	0.028557539	0.37268373
596	0.32161963	0.23399848	0.4179207	0.026461203
597	0.17021847	0.29168308	0.16783649	0.370262
598	0.24326849	0.21918824	0.22256483	0.31497845
599	0.15500332	0.28028208	0.1494271	0.4152875
600	0.29419225	0.05832787	0.33065096	0.3168289
601	0.075589545	0.22642544	0.3501702	0.34781483
602	0.3636244	0.3289447	0.26324132	0.044189595
603	0.46301645	0.09526362	0.09145931	0.35026062
604	0.2325173	0.2697154	0.29845548	0.19931181
605	0.34499475	0.008820161	0.3537502	0.2924349
606	0.17068832	0.076150164	0.41541836	0.33774316
607	0.32014096	0.35288984	0.06584428	0.2611249
608	0.30872318	0.08874938	0.05576969	0.54675776
609	0.17336363	0.35612023	0.15603775	0.3144784
610	0.18657061	0.3351918	0.061886486	0.4163511
611	0.5212772	0.13958685	0.2984119	0.040724058
612	0.06396552	0.39979786	0.16246222	0.3737744
613	0.38258234	0.09543797	0.02671373	0.49526596
614	0.4880151	0.010261946	0.0515423	0.45018065
615	0.50213695	0.37258312	0.045585934	0.079693995
616	0.06000528	0.24031478	0.33407754	0.3656024
617	0.08204494	0.55396044	0.2505704	0.113424204
618	0.3832177	0.29054636	0.042713683	0.28352228
619	0.14706382	0.27894628	0.16399825	0.40999162
620	0.100651756	0.53682643	0.28744736	0.07507444
621	0.31124023	0.34278637	0.06800843	0.27796498
622	0.44627303	0.06810331	0.061091896	0.42453176
623	0.32763243	0.556621	0.05783007	0.05791649
624	0.3719537	0.28795272	0.30647397	0.033619612
625	0.19029145	0.15920678	0.33201963	0.31848216
626	0.31483287	0.18012153	0.31609413	0.1889515
627	0.029471792	0.49876794	0.0281184	0.44364187
628	0.35530937	0.124911346	0.21079041	0.3089889
629	0.04462311	0.020409288	0.4945039	0.4404637
630	0.30156785	0.27191508	0.22823933	0.19827776
631	0.3176232	0.42453504	0.22020964	0.037632138
632	0.06193096	0.24246667	0.18027039	0.515332
633	0.05381968	0.5908223	0.26860598	0.086752035
634	0.44627622	0.19411239	0.050431445	0.30917993
635	0.2774025	0.20543012	0.09025711	0.42691028
636	0.24505368	0.2583072	0.28822482	0.20841435
637	0.34970903	0.25985244	0.12839957	0.26203898
638	0.28787673	0.398839	0.13770749	0.17557679
639	0.30691722	0.20619904	0.20683458	0.28004915
640	0.43230614	0.20485727	0.15326221	0.20957436
641	0.07481507	0.5513286	0.18115336	0.19270295
642	0.44414493	0.30673373	0.039628975	0.20949237
643	0.33887458	0.19740398	0.0402674	0.42345405
644	0.2576452	0.21571484	0.42777726	0.09886271
645	0.25216007	0.36235458	0.18684082	0.19864455
646	0.21876745	0.36182663	0.19356598	0.22583994
647	0.22178456	0.24885306	0.2359069	0.29345548
648	0.13675368	0.40252346	0.06940535	0.39131752
649	0.30587173	0.09984607	0.24642521	0.34785697
650	0.03285665	0.4378995	0.32210076	0.20714307
651	0.093657844	0.27342063	0.3840533	0.24886823
652	0.12698637	0.38604322	0.42610678	0.060863636
653	0.08846122	0.1927234	0.4946013	0.22421408
654	0.2489032	0.3334996	0.08601569	0.3315815
655	0.34352502	0.23954952	0.35598627	0.06093921
656	0.101499446	0.23103349	0.33521947	0.33224759
657	0.36587983	0.3303484	0.27287388	0.0308979
658	0.28926158	0.24756438	0.12378452	0.33938953
659	0.43425846	0.45158294	0.11098547	0.0031731057
660	0.21644808	0.46993184	0.05631283	0.25730726
661	0.1256442	0.29056185	0.14845374	0.4353402
662	0.19566903	0.50404763	0.15996778	0.14031559
663	0.071926154	0.059770327	0.26972055	0.598583
664	0.25594738	0.20644258	0.48898697	0.04862305
665	0.18302456	0.2578023	0.2598681	0.29930505
666	0.30212966	0.15410963	0.2120786	0.33168212
667	0.16057502	0.33662975	0.2109031	0.29189214
668	0.24481928	0.23444995	0.40450567	0.116225086
669	0.30620277	0.29748675	0.348693	0.047617473
670	0.066057816	0.3525025	0.1887202	0.39271948
671	0.26104927	0.3156453	0.29859415	0.12471128
672	0.30405438	0.37420112	0.24217862	0.07956587
673	0.0653342	0.30075786	0.35564768	0.27826026
674	0.17933905	0.20657608	0.3527188	0.26136607
675	0.28698942	0.14279005	0.23746674	0.3327538
676	0.3864007	0.3717142	0.07304055	0.16884455
677	0.21272789	0.16080365	0.35488778	0.27158067
678	0.07351834	0.0075400826	0.5816497	0.33729187
679	0.28063092	0.3037388	0.2669675	0.14866276
680	0.19601223	0.40459913	0.17790982	0.2214788
681	0.096850954	0.47303233	0.014536524	0.4155802
682	0.2996278	0.1654731	0.37282056	0.16207854
683	0.4209438	0.22718889	0.22869119	0.123176135
684	0.4486976	0.30221194	0.11509556	0.13399489
685	0.16189559	0.3486044	0.21880285	0.27069715
686	0.42633542	0.15313715	0.310031	0.11049641
687	0.31351727	0.22111055	0.22185226	0.24351992
688	0.40241635	0.09297716	0.07563861	0.42896786
689	0.058354698	0.1963337	0.35934564	0.38596597
690	0.16757233	0.29326662	0.17451383	0.3646472
691	0.26676363	0.23772675	0.29763633	0.19787331
692	0.21091181	0.2955095	0.24372624	0.24985248
693	0.31436387	0.38713783	0.055494126	0.24300419
694	0.23020153	0.32284626	0.20402656	0.24292566
695	0.17123273	0.3894728	0.3833952	0.05589927
696	0.083246686	0.32112315	0.3394154	0.25621477
697	0.0009722095	0.4989722	0.3469128	0.15314278
698	0.19802679	0.19908947	0.18697502	0.41590872
699	0.08742738	0.5379649	0.13490422	0.23970352
700	0.08699394	0.28786275	0.5890853	0.036058027
701	0.1202514	0.13580124	0.46772248	0.27622488
702	0.2252886	0.07417495	0.29445535	0.40608108
703	0.071479365	0.03568568	0.4896718	0.40316316
704	0.46460357	0.21451673	0.122747436	0.19813225
705	0.45877793	0.013953818	0.091548994	0.43571925
706	0.2622535	0.050841946	0.42652294	0.2603816
707	0.3005097	0.0549271	0.4396241	0.20493908
708	0.4026071	0.011513906	0.32591143	0.25996757
709	0.4542421	0.21980435	0.21820407	0.10774949
710	0.08959496	0.25635213	0.3210487	0.3330042
711	0.1636485	0.18221295	0.29277173	0.3613668
712	0.4704526	0.3524524	0.16763137	0.009463621
713	0.16412751	0.33345416	0.15728034	0.34513795
714	0.011762101	0.4363141	0.46824425	0.08367954
715	0.60736144	0.057385225	0.16859935	0.166654
716	0.086192615	0.40702307	0.092667535	0.41411677
717	0.044006355	0.2713623	0.18398826	0.5006431
718	0.18200012	0.2941112	0.20047359	0.32341513
719	0.06515348	0.29266125	0.30699915	0.33518612
720	0.21901512	0.4541459	0.13842578	0.18841319
721	0.32888326	0.18058452	0.17542553	0.31510672
722	0.11928941	0.35053492	0.19516854	0.33500713
723	0.27321997	0.2877059	0.33208227	0.106991835
724	0.57701004	0.19428222	0.17178786	0.056919895
725	0.11701239	0.4771067	0.34695312	0.058927774
726	0.5789152	0.1614068	0.08818273	0.1714953
727	0.046117526	0.35727087	0.21582292	0.38078868
728	0.40373603	0.30432472	0.18812595	0.10381328
729	0.29122022	0.3265371	0.16001862	0.22222407
730	0.43105096	0.121931046	0.41408846	0.03292955
731	0.27755848	0.15569755	0.14414053	0.42260346
732	0.19410206	0.20495637	0.52037996	0.0805616
733	0.091037065	0.35848838	0.3953798	0.15509473
734	0.27958593	0.2298154	0.22355881	0.2670399
735	0.24275157	0.09639131	0.42855927	0.23229784
736	0.45856652	0.42910466	0.012189275	0.10013955
737	0.033590175	0.14487901	0.37648568	0.44504514
738	0.38308004	0.09275857	0.40177086	0.12239053
739	0.449914	0.012152477	0.108350314	0.42958322
740	0.11752108	0.48249367	0.19802512	0.20196015
741	0.13079502	0.26829755	0.48738265	0.11352479
742	0.05157748	0.3752249	0.29001105	0.28318655
743	0.47959292	0.042812366	0.17305861	0.3045361
744	0.24675393	0.013302958	0.3284131	0.41153002
745	0.30357283	0.182476	0.063717194	0.45023397
746	0.22686647	0.1016733	0.43300638	0.23845387
747	0.19351645	0.2100577	0.3651675	0.23125835
748	0.19693299	0.32762444	0.20416614	0.2712764
749	0.28100526	0.031665266	0.37612593	0.31120354
750	0.43127826	0.16326867	0.045601018	0.35985205
751	0.27926293	0.20704481	0.3216106	0.19208165
752	0.16467907	0.34935996	0.17621972	0.30974126
753	0.040078525	0.24901934	0.4079959	0.30290624
754	0.22288063	0.39071938	0.25563586	0.13076414
755	0.4477224	0.31184375	0.22285779	0.017576033
756	0.62284267	0.19707127	0.0011713287	0.17891471
757	0.2282296	0.2551104	0.28454238	0.2321176
758	0.1038948	0.24805447	0.34426656	0.30378416
759	0.39159483	0.06698251	0.25372776	0.28769487
760	0.24846259	0.33395967	0.19937143	0.21820633
761	0.44523817	0.28005674	0.13800386	0.13670124
762	0.3406506	0.068679616	0.34155065	0.24911918
763	0.027271373	0.051499903	0.40309086	0.5181379
764	0.12536931	0.24142812	0.21667689	0.41652566
765	0.23546949	0.26762253	0.06476018	0.4321478
766	0.17171477	0.30315277	0.34190375	0.18322872
767	0.15886304	0.31333846	0.26850384	0.25929463
768	0.06264884	0.28074303	0.2665932	0.39001495
769	0.12850103	0.14143354	0.55868745	0.171378
770	0.2022457	0.2878247	0.24131781	0.2686118
771	0.009955442	0.3157252	0.42253968	0.25177968
772	0.5182449	0.15149726	0.068727545	0.26153025
773	0.08262884	0.37417695	0.5347827	0.008411519
774	0.10996459	0.4971825	0.2715194	0.121333525
775	0.14510734	0.28367707	0.32974032	0.24147528
776	0.2546903	0.2478832	0.33341694	0.1640096
777	0.31493297	0.27448148	0.2838002	0.12678534
778	0.37808952	0.1877897	0.3948717	0.039249077
779	0.3722808	0.1624931	0.26811838	0.19710772
780	0.39588693	0.20577152	0.38870877	0.009632801
781	0.19202907	0.063754626	0.36779615	0.37642014
782	0.41769943	0.2863747	0.2758851	0.02004078
783	0.2395784	0.26729378	0.2444893	0.24863854
784	0.3887391	0.31352285	0.23822644	0.05951159
785	0.2006275	0.2583356	0.28896984	0.25206703
786	0.21711662	0.2792985	0.24393497	0.25964987
787	0.3167825	0.19737567	0.21068269	0.27515912
788	0.07283016	0.1922977	0.19573995	0.5391322
789	0.28280637	0.32777733	0.3575495	0.03186682
790	0.23871729	0.43415788	0.058688436	0.26843637
791	0.06505479	0.46123165	0.37553206	0.0981815
792	0.35392	0.07522229	0.1779598	0.3928979
793	0.17918943	0.10962854	0.30614075	0.40504128
794	0.3866756	0.01500206	0.34431154	0.2540108
795	0.5415975	0.070656605	0.24908434	0.13866156
796	0.026610265	0.008842986	0.284701	0.67984575
797	0.2623646	0.2941265	0.19717057	0.24633834
798	0.071227156	0.30615	0.532683	0.08993983
799	0.23357007	0.061278477	0.30925494	0.39589652
800	0.35896376	0.14847893	0.22158812	0.2709692
801	0.12511565	0.15723895	0.43218532	0.28546008
802	0.4131076	0.15395826	0.31929907	0.11363508
803	0.18786794	0.09885625	0.34883067	0.36444512
804	0.1813177	0.2967787	0.32132047	0.20058313
805	0.36640245	0.202973	0.055955455	0.37466908
806	0.26740822	0.35897505	0.3042572	0.06935952
807	0.23117134	0.40029177	0.3137751	0.054761775
808	0.32992306	0.09277666	0.23951666	0.3377836
809	0.3163741	0.14846276	0.038466353	0.4966968
810	0.047810715	0.3549377	0.39081496	0.20643663
811	0.2771044	0.48803777	0.029298522	0.20555931
812	0.33963767	0.36571658	0.28463426	0.010011472
813	0.25353298	0.19005527	0.1757122	0.38069957
814	0.009830358	0.507255	0.01880687	0.46410772
815	0.050127935	0.28069678	0.22686777	0.44230753
816	0.28793213	0.23964679	0.23882982	0.23359126
817	0.26755962	0.494778	0.17394942	0.06371294
818	0.40354386	0.32055372	0.21844225	0.057460155
819	0.22657362	0.07642844	0.45754787	0.23945007
820	0.39002144	0.12513787	0.24295625	0.24188444
821	0.28738505	0.20476691	0.23189008	0.27595794
822	0.26319823	0.3990615	0.05224442	0.28549585
823	0.34375966	0.2814391	0.09741277	0.27738848
824	0.1636599	0.456218	0.08044768	0.29967442
825	0.22907868	0.1276551	0.23461859	0.40864763
826	0.08637266	0.20872377	0.27697048	0.4279331
827	0.5100977	0.19223502	0.27605927	0.021608042
828	0.046657898	0.37577125	0.09298079	0.48459008
829	0.22322461	0.21614116	0.23175229	0.32888195
830	0.6245158	0.048781835	0.020523703	0.30617866
831	0.20554203	0.4631382	0.09939292	0.23192686
832	0.27345714	0.45356622	0.20611297	0.066863656
833	0.25729755	0.39398903	0.14716706	0.20154637
834	0.37456432	0.2245177	0.31942812	0.08148986
835	0.13244513	0.24087429	0.3290048	0.2976758
836	0.252913	0.10330321	0.35474476	0.28903902
837	0.35849586	0.038432248	0.042628795	0.5604431
838	0.35918367	0.032167792	0.34175044	0.2668981
839	0.29754698	0.3025165	0.29416445	0.10577206
840	0.27667004	0.33020836	0.2981723	0.094949335
841	0.3364423	0.24518728	0.09648416	0.32188627
842	0.14869158	0.15277855	0.6297989	0.06873096
843	0.31981233	0.31882188	0.32854584	0.03281998
844	0.24722575	0.24553347	0.21461305	0.29262772
845	0.19563901	0.11078618	0.1835109	0.5100639
846	0.1435179	0.33332095	0.40969384	0.113467306
847	0.26395252	0.13574398	0.22023124	0.3800723
848	0.26448548	0.48994836	0.23598379	0.009582391
849	0.071392275	0.13734633	0.35487753	0.43638387
850	0.25487387	0.13854994	0.59450275	0.0120734
851	0.2640418	0.0028131772	0.4506338	0.2825112
852	0.21279232	0.17063688	0.23499559	0.38157523
853	0.30629176	0.071646765	0.097817525	0.52424395
854	0.27952117	0.2159817	0.33519477	0.16930237
855	0.0899885	0.38789394	0.08210136	0.44001618
856	0.24764459	0.28365073	0.30316085	0.16554387
857	0.3700416	0.010049021	0.20423093	0.41567844
858	0.06101322	0.1581966	0.5090138	0.27177644
859	0.25731182	0.227338	0.34229758	0.1730526
860	0.2694884	0.3630893	0.22767885	0.13974346
861	0.45254806	0.10280046	0.1134915	0.33115998
862	0.011954743	0.31414253	0.23905385	0.43484887
863	0.4780671	0.16746609	0.2935448	0.060922008
864	0.1347526	0.53211606	0.27176943	0.06136191
865	0.18044357	0.19503425	0.3601275	0.26439467
866	0.18121189	0.3495034	0.18980305	0.27948165
867	0.31632233	0.097113915	0.3581626	0.22840114
868	0.3279714	0.05142792	0.26471666	0.35588402
869	0.3426721	0.13283418	0.3723625	0.15213121
870	0.33794513	0.011901974	0.37420613	0.27594677
871	0.30737182	0.1620148	0.23989442	0.29071894
872	0.2904691	0.24334878	0.24690132	0.2192808
873	0.02008778	0.19558667	0.4047773	0.37954825
874	0.13725267	0.6979247	0.110225625	0.054597016
875	0.22945137	0.2934771	0.19475313	0.2823184
876	0.0036159337	0.32333496	0.39589414	0.27715495
877	0.11261107	0.33759502	0.41042557	0.13936831
878	0.4326222	0.333451	0.11903581	0.11489101
879	0.20224097	0.36305794	0.13988137	0.2948197
880	0.6292927	0.26199156	0.090155475	0.018560212
881	0.15206568	0.32964504	0.3392869	0.17900239
882	0.38685343	0.21297106	0.3783973	0.021778246
883	0.32713655	0.27438968	0.115762405	0.28271136
884	0.13814005	0.3866956	0.2237861	0.25137827
885	0.1387592	0.33216542	0.15927462	0.36980078
886	0.252475	0.56402636	0.15775809	0.025740558
887	0.014469186	0.17430104	0.4446975	0.36653227
888	0.31931254	0.1996929	0.10577029	0.3752243
889	0.47874376	0.3458041	0.13031484	0.045137294
890	0.17585859	0.4643926	0.060946666	0.29880217
891	0.21791829	0.25397718	0.3539472	0.17415732
892	0.59933263	0.3047428	0.056142878	0.03978168
893	0.28885084	0.14816807	0.34260178	0.22037934
894	0.21874373	0.25304866	0.16547546	0.36273214
895	0.47970492	0.3896341	0.09792455	0.032736413
896	0.009197321	0.06662676	0.5483281	0.37584782
897	0.27347755	0.36285397	0.28889987	0.07476861
898	0.28806552	0.1989216	0.3029649	0.21004796
899	0.1997732	0.43198815	0.18834765	0.179891
900	0.35840827	0.062018566	0.08295378	0.49661937
901	0.23557293	0.20210907	0.19818744	0.36413056
902	0.47320777	0.29263976	0.15118694	0.082965516
903	0.31792527	0.2540348	0.19972432	0.22831562
904	0.11664596	0.23270823	0.2193716	0.4312742
905	0.07869196	0.43749383	0.44371668	0.04009754
906	0.20257443	0.1967582	0.14937936	0.451288
907	0.19993332	0.16191371	0.37032247	0.26783052
908	0.3697091	0.07298535	0.21239206	0.3449135
909	0.34859827	0.21089947	0.25873893	0.18176332
910	0.24710266	0.3367802	0.09798672	0.31813043
911	0.34325707	0.19212876	0.2589706	0.2056436
912	0.48291618	0.02708937	0.4271213	0.062873125
913	0.19179456	0.20518857	0.2577605	0.3452564
914	0.66411114	0.054088283	0.1294938	0.15230677
915	0.32208383	0.14492533	0.21887648	0.3141144
916	0.20732604	0.33804232	0.2633711	0.19126053
917	0.44664413	0.08765926	0.15829639	0.30740023
918	0.27720913	0.39298216	0.25057164	0.07923708
919	0.17118339	0.13657196	0.08120768	0.61103696
920	0.14521119	0.46321344	0.23202376	0.15955159
921	0.65045017	0.09411206	0.2160446	0.039393168
922	0.23588733	0.33836958	0.26170486	0.16403821
923	0.3580622	0.33411407	0.13731495	0.17050879
924	0.3027488	0.2770756	0.24185535	0.17832029
925	0.27943292	0.19621556	0.23243278	0.29191872
926	0.014828916	0.26122156	0.32850444	0.39544508
927	0.28363886	0.33379048	0.099903755	0.28266692
928	0.15716048	0.103072286	0.37418872	0.36557853
929	0.61434984	0.24340262	0.057477053	0.08477046
930	0.21805625	0.3202849	0.27708533	0.18457349
931	0.29848027	0.18181744	0.18021877	0.33948353
932	0.44262242	0.30423364	0.073372826	0.1797711
933	0.44473732	0.22602801	0.04176682	0.28746784
934	0.05371558	0.2254061	0.4017681	0.3191102
935	0.05101504	0.43363014	0.3177253	0.19762951
936	0.29229987	0.17332378	0.30818287	0.22619349
937	0.1727655	0.12649114	0.057016157	0.64372724
938	0.39830583	0.07736912	0.41013837	0.11418667
939	0.093992785	0.42353228	0.38667458	0.095800355
940	0.30272985	0.14028467	0.07662729	0.48035818
941	0.38778263	0.0866477	0.42832094	0.097248726
942	0.15809013	0.05199708	0.6747802	0.115132615
943	0.130714	0.32281527	0.2702425	0.2762282
944	0.3948928	0.04280352	0.35082567	0.21147798
945	0.20045675	0.1641859	0.33182362	0.30353373
946	0.41560444	0.09393678	0.30541414	0.18504465
947	0.2926521	0.23337126	0.18187161	0.29210502
948	0.58887666	0.22024344	0.14063948	0.050240394
949	0.26386094	0.36259162	0.23993269	0.13361473
950	0.18861999	0.093980454	0.40184107	0.3155585
951	0.04610861	0.10512467	0.5937322	0.25503457
952	0.07308588	0.2810817	0.12582798	0.5200044
953	0.099611685	0.36870772	0.161909	0.36977157
954	0.19620457	0.15005004	0.38076946	0.27297592
955	0.0733317	0.28944492	0.32876694	0.30845645
956	0.0731548	0.0065255202	0.26875037	0.6515693
957	0.2548386	0.27242935	0.2113644	0.26136768
958	0.32494202	0.46105784	0.0047418345	0.20925829
959	0.38502494	0.2765362	0.2804162	0.05802266
960	0.33408228	0.36748505	0.23666464	0.061768048
961	0.14886943	0.53524905	0.20366398	0.11221756
962	0.21675351	0.37139225	0.14789951	0.26395473
963	0.3264354	0.29009944	0.09759046	0.2858747
964	0.09166405	0.31279945	0.32979098	0.2657455
965	0.11946283	0.07373634	0.6983697	0.10843112
966	0.20102432	0.33223477	0.073552914	0.39318797
967	0.038104445	0.06732639	0.32138547	0.5731837
968	0.24545671	0.20932204	0.27688575	0.26833552
969	0.23790365	0.30494416	0.31260794	0.14454426
970	0.30233917	0.27849936	0.3107169	0.10844459
971	0.018892637	0.13546461	0.40278	0.44286278
972	0.012311702	0.5283919	0.2974095	0.16188689
973	0.4424742	0.2730565	0.17279246	0.11167685
974	0.31415227	0.42898807	0.21586752	0.04099215
975	0.301834	0.32984278	0.2680104	0.10031282
976	0.2942395	0.30073127	0.34951282	0.055516407
977	0.18429592	0.5267844	0.26843688	0.020482764
978	0.25597322	0.26977518	0.20348892	0.27076268
979	0.29221037	0.27867594	0.26772398	0.1613897
980	0.52960676	0.13948137	0.25060093	0.08031094
981	0.42238247	0.07904893	0.037452016	0.46111658
982	0.087304	0.060475525	0.44384146	0.40837902
983	0.47319537	0.08046358	0.34093103	0.10541002
984	0.30492246	0.17122838	0.44235557	0.08149357
985	0.11972596	0.60021895	0.27489474	0.0051603364
986	0.3434377	0.040770743	0.50121295	0.11457861
987	0.168982	0.30651027	0.3253665	0.19914123
988	0.43066928	0.32347807	0.108939566	0.13691308
989	0.3248765	0.27372172	0.3756535	0.025748273
990	0.21270093	0.22247171	0.3482567	0.21657065
991	0.06011115	0.38543358	0.3338887	0.22056654
992	0.23740476	0.43160996	0.21133603	0.11964923
993	0.30441386	0.3218603	0.20877582	0.16495
994	0.011895502	0.50969213	0.29270786	0.18570453
995	0.39092225	0.10294925	0.23512818	0.27100033
996	0.21696742	0.15859506	0.038137943	0.5862996
997	0.21270198	0.050230864	0.1758826	0.5611846
998	0.28321338	0.2994086	0.16468398	0.252694
999	0.26999778	0.24857926	0.123518676	0.3579043
