	Luminal_Macrophages	Type 2 alveolar	Fibroblasts	Dendritic cells
0	0.15063553	0.04330172	0.75462246	0.051440306
1	0.068111986	0.047629096	0.50025487	0.38400406
2	0.58845764	0.18088257	0.0059590084	0.22470078
3	0.5812873	0.12890694	0.046804853	0.2430009
4	0.18021305	0.120436676	0.18260084	0.51674944
5	0.11952004	0.32685104	0.5060847	0.04754428
6	0.57692754	0.008959339	0.119776316	0.29433683
7	0.2211361	0.53262305	0.18162157	0.06461928
8	0.23144655	0.32206184	0.28680104	0.15969059
9	0.013585703	0.02344074	0.9160435	0.046930008
10	0.011746416	0.044658445	0.71647996	0.2271152
11	0.047870502	0.07120616	0.8784702	0.0024531512
12	0.7491222	0.08453489	0.079502545	0.08684036
13	0.24982533	0.2698602	0.08648547	0.393829
14	0.25659657	0.10492099	0.12373052	0.5147519
15	0.60932225	0.15991573	0.077279605	0.1534824
16	0.3401129	0.12787454	0.18165576	0.3503568
17	0.17983632	0.29441297	0.4645491	0.06120162
18	0.21498087	0.0426375	0.55845106	0.18393056
19	0.05070347	0.056549918	0.35344052	0.5393061
20	0.15339413	0.6009978	0.17025943	0.07534864
21	0.5927312	0.32842705	0.0071999882	0.07164181
22	0.47682503	0.13548969	0.041231953	0.34645334
23	0.22808674	0.32863322	0.18202034	0.2612597
24	0.035944164	0.900569	0.03379504	0.029691752
25	0.3849134	0.3957102	0.04703417	0.17234221
26	0.17138489	0.4508528	0.1598985	0.21786383
27	0.17311472	0.09713252	0.5327904	0.19696236
28	0.3759602	0.042214517	0.09270689	0.4891184
29	0.13789704	0.14758614	0.0657436	0.6487732
30	0.18359524	0.1744181	0.32760796	0.31437868
31	0.025001887	0.359951	0.18248072	0.4325664
32	0.30829647	0.18846655	0.30560678	0.19763018
33	0.007041554	0.78296506	0.06320848	0.14678493
34	0.48509443	0.1823794	0.1840788	0.14844738
35	0.13677017	0.0029324822	0.2952009	0.56509644
36	0.19159952	0.35333556	0.32654133	0.12852359
37	0.2117323	0.4308064	0.3171649	0.04029642
38	0.14896148	0.27673396	0.09362788	0.48067668
39	0.21944615	0.18251617	0.09640572	0.501632
40	0.15937331	0.027225941	0.36997676	0.443424
41	0.117693335	0.086728945	0.5408745	0.25470322
42	0.29028985	0.10627577	0.278399	0.3250354
43	0.19171263	0.3491167	0.2757271	0.18344359
44	0.1022272	0.06311343	0.11668629	0.71797305
45	0.058439165	0.53079396	0.15508157	0.25568533
46	0.25713456	0.42355698	0.30691475	0.012393719
47	0.37261808	0.42358467	0.19896342	0.004833833
48	0.16708791	0.43688315	0.1710787	0.22495025
49	0.308811	0.29662672	0.2568228	0.13773948
50	0.093830846	0.25886062	0.29043585	0.35687268
51	0.09697468	0.5552082	0.021163365	0.32665375
52	0.0012264937	0.11126532	0.84258425	0.044923946
53	0.5112326	0.31010136	0.1317269	0.046939112
54	0.06879835	0.38785434	0.4052738	0.1380735
55	0.24990733	0.13938652	0.5079513	0.102754846
56	0.722217	0.102051586	0.15116398	0.024567403
57	0.11247092	0.8530809	0.028088763	0.006359361
58	0.40787625	0.047358166	0.51409936	0.030666234
59	0.009309958	0.727516	0.037874185	0.22529988
60	0.026043609	0.39684117	0.31136265	0.26575258
61	0.07445291	0.32285303	0.22335415	0.37933993
62	0.09211332	0.48343563	0.35272068	0.07173039
63	0.3400459	0.46706897	0.1627522	0.030132916
64	0.048701074	0.093586065	0.14427464	0.7134382
65	0.20131008	0.5758439	0.09227531	0.13057072
66	0.12557063	0.27854213	0.45482007	0.14106718
67	0.041691985	0.7039439	0.113195315	0.14116882
68	0.31868774	0.057695538	0.10019224	0.5234245
69	0.30528918	0.0894756	0.40157717	0.20365806
70	0.015451917	0.35363153	0.017861327	0.6130552
71	0.08264795	0.049919777	0.1312633	0.736169
72	0.38060683	0.1442236	0.34924272	0.12592685
73	0.23914348	0.02681045	0.36961132	0.36443475
74	0.8144997	0.016878998	0.044927828	0.12369348
75	0.02616595	0.05835548	0.20676246	0.7087161
76	0.5712057	0.21388346	0.1413711	0.07353976
77	0.07773097	0.36367282	0.17240448	0.38619173
78	0.16326895	0.3218915	0.05585158	0.45898798
79	0.38159922	0.13235816	0.13820778	0.34783486
80	0.14555272	0.013089834	0.2222347	0.61912274
81	0.066132784	0.2880293	0.1394839	0.50635403
82	0.092042185	0.21496293	0.075585596	0.6174093
83	0.25347784	0.31223845	0.051375397	0.3829083
84	0.6530367	0.01785833	0.12134947	0.20775552
85	0.06909308	0.014704412	0.65592915	0.26027337
86	0.16701855	0.11057952	0.24909921	0.47330272
87	0.06290138	0.52936196	0.09756318	0.31017348
88	0.028525999	0.51234907	0.3640575	0.09506744
89	0.3051135	0.06167616	0.36540994	0.2678004
90	0.23426056	0.03309021	0.012082235	0.720567
91	0.36227888	0.08469099	0.024987267	0.52804285
92	0.034098413	0.07831518	0.24562208	0.6419643
93	0.92022055	0.015135878	0.0043320116	0.060311552
94	0.056936517	0.6722312	0.040654995	0.23017728
95	0.19313726	0.53818357	0.23551846	0.033160683
96	0.23423047	0.019984437	0.112610795	0.6331743
97	0.006934055	0.6140149	0.077255264	0.30179575
98	0.10738485	0.03817013	0.6675641	0.18688092
99	0.5472463	0.048349746	0.34691134	0.05749263
100	0.61299235	0.16004115	0.09731899	0.12964752
101	0.21279775	0.14046435	0.56882906	0.07790884
102	0.47448412	0.22876431	0.2525006	0.044250954
103	0.2719042	0.016859908	0.19380067	0.51743525
104	0.18981023	0.070850775	0.3994596	0.3398794
105	0.022611896	0.76564884	0.13810125	0.073637985
106	0.06122164	0.7480225	0.013611165	0.17714469
107	0.36508572	0.37011424	0.05383421	0.21096584
108	0.53511107	0.18490857	0.08776664	0.19221371
109	0.10719022	0.22102727	0.6582642	0.013518288
110	0.026728977	0.012385576	0.6224288	0.33845666
111	0.106284566	0.23094976	0.5363514	0.12641431
112	0.2540119	0.49965432	0.17476596	0.07156784
113	0.19495714	0.10084427	0.4025217	0.3016769
114	0.585854	0.14661174	0.1480303	0.119503975
115	0.5286257	0.11321845	0.20727551	0.15088028
116	0.3988263	0.044830043	0.51005954	0.046284102
117	0.15875767	0.54868484	0.1601278	0.13242966
118	0.15972129	0.18865792	0.13030438	0.5213164
119	0.4167466	0.2865446	0.22669561	0.0700132
120	0.162265	0.5444058	0.038870838	0.25445834
121	0.034595218	0.20026407	0.69104177	0.07409896
122	0.14101118	0.42375794	0.24973987	0.18549103
123	0.03668018	0.03479501	0.6046942	0.32383063
124	0.02114348	0.16774	0.4999408	0.3111757
125	0.33362284	0.3828215	0.112296164	0.1712595
126	0.33148244	0.5042415	0.0006618688	0.16361417
127	0.07376311	0.11490953	0.37743217	0.4338952
128	0.35769477	0.23645428	0.33566657	0.070184365
129	0.23410554	0.11141108	0.00990306	0.6445803
130	0.053602736	0.8910224	0.05268324	0.002691634
131	0.026192427	0.051473286	0.0735205	0.8488138
132	0.06348489	0.16937989	0.67191786	0.095217384
133	0.30923814	0.13743347	0.44564232	0.10768608
134	0.0199282	0.064080544	0.89740014	0.01859112
135	0.44919747	0.1539257	0.3778169	0.01905993
136	0.07586192	0.21351811	0.3175439	0.39307606
137	0.18718152	0.078948155	0.40166035	0.33220997
138	0.10292671	0.35110185	0.41172802	0.13424343
139	0.22675218	0.029153293	0.57265854	0.17143597
140	0.3596488	0.14969987	0.20796001	0.28269133
141	0.46911785	0.017937	0.51091737	0.0020277714
142	0.008970879	0.46261725	0.023337878	0.50507396
143	0.30490482	0.0063081975	0.41957667	0.2692103
144	0.20201989	0.3053951	0.27138266	0.22120234
145	0.4676502	0.024892557	0.015278994	0.49217826
146	0.3778654	0.050431967	0.04171539	0.5299872
147	0.048325304	0.22975425	0.09517048	0.62674993
148	0.18175174	0.021330694	0.24680936	0.5501082
149	0.03887367	0.20213495	0.69469327	0.064298086
150	0.100548275	0.18530044	0.19115114	0.5230001
151	0.56353945	0.000316297	0.07979207	0.35635218
152	0.109888054	0.083261915	0.20714475	0.5997053
153	0.05936771	0.08026202	0.27562466	0.5847456
154	0.4846356	0.16665204	0.21292491	0.13578746
155	0.3638405	0.5519681	0.05928207	0.02490935
156	0.39125028	0.50240844	0.07811765	0.028223634
157	0.08994565	0.13070907	0.3553981	0.4239472
158	0.14846393	0.38513562	0.10942995	0.3569705
159	0.36969674	0.3913906	0.1099644	0.12894827
160	0.106017955	0.3836329	0.23506796	0.2752812
161	0.21584347	0.11679771	0.14492685	0.52243197
162	0.18425097	0.22531396	0.26886767	0.3215674
163	0.2553484	0.05719672	0.50472957	0.1827253
164	0.22298339	0.042355623	0.24472515	0.48993585
165	0.50130206	0.11134169	0.016326278	0.37102997
166	0.02168787	0.28592852	0.4804595	0.21192408
167	0.15700546	0.08362481	0.07231437	0.68705535
168	0.07642875	0.18138662	0.10452458	0.63766
169	0.76827824	0.018244646	0.109438814	0.10403831
170	0.32023636	0.279273	0.020221805	0.3802688
171	0.041779205	0.12653467	0.2169453	0.61474085
172	0.0074223406	0.29366532	0.43567747	0.26323485
173	0.5335979	0.038568806	0.33823738	0.08959592
174	0.08583937	0.5008453	0.30451208	0.10880322
175	0.0055291704	0.13619706	0.38387188	0.4744019
176	0.48311597	0.2073808	0.17938834	0.1301149
177	0.42542493	0.048832	0.4402855	0.085457556
178	0.25641093	0.6408194	0.04076853	0.062001187
179	0.13864423	0.73502827	0.07514493	0.051182568
180	0.15578637	0.26911554	0.034451175	0.5406469
181	0.3318931	0.59606844	0.029379506	0.042658977
182	0.19225073	0.29594126	0.3918401	0.11996794
183	0.15350583	0.27217075	0.11868957	0.45563385
184	0.12991989	0.06381349	0.25986296	0.54640365
185	0.70140105	0.15738559	0.06480724	0.076406114
186	0.060538385	0.098575935	0.7258094	0.115076296
187	0.10339483	0.39326662	0.36454773	0.13879083
188	0.08628141	0.0486847	0.80864745	0.056386445
189	0.010690816	0.95901054	0.025152177	0.0051464667
190	0.14037317	0.16599527	0.54148394	0.1521476
191	0.0072910045	0.51789427	0.2847589	0.19005583
192	0.2042901	0.23039342	0.49815086	0.067165606
193	0.55638623	0.10410292	0.17820272	0.1613081
194	0.09946033	0.5699201	0.066035815	0.26458374
195	0.21162784	0.25008065	0.40439132	0.13390018
196	0.011821351	0.123236746	0.058824442	0.8061175
197	0.04491764	0.5402494	0.13818718	0.27664578
198	0.19176567	0.1341185	0.67038953	0.0037263113
199	0.19751157	0.2905397	0.3067585	0.20519021
200	0.12838255	0.14121808	0.56523025	0.1651691
201	0.013780688	0.56651485	0.19785878	0.22184566
202	0.021693774	0.3923044	0.16176486	0.42423695
203	0.078854166	0.37811795	0.4007302	0.1422977
204	0.32355803	0.12817048	0.48777416	0.060497325
205	0.06615549	0.10995155	0.6147304	0.20916255
206	0.17765169	0.3433171	0.46645367	0.012577549
207	0.083904356	0.5015011	0.35040277	0.06419176
208	0.10426583	0.27816692	0.39852914	0.2190381
209	0.8732909	0.06197578	0.021236813	0.04349652
210	0.21463768	0.1762227	0.055459205	0.5536804
211	0.52248496	0.19222474	0.033980604	0.2513097
212	0.058003694	0.19368717	0.34540156	0.40290758
213	0.037527014	0.25297198	0.2202575	0.4892435
214	0.5979756	0.049608406	0.32015482	0.032261144
215	0.1429914	0.563324	0.24703164	0.04665301
216	0.38620734	0.035221606	0.31134394	0.2672271
217	0.025851736	0.116259284	0.072882466	0.7850065
218	0.614154	0.022173531	0.25567943	0.10799306
219	0.29834193	0.3482868	0.28259745	0.07077379
220	0.27270776	0.16672024	0.50326985	0.05730212
221	0.2450522	0.15865274	0.35153377	0.2447613
222	0.060999814	0.23792468	0.6159139	0.0851616
223	0.16097346	0.3927048	0.176548	0.26977372
224	0.08538459	0.20393227	0.25302067	0.45766246
225	0.29240096	0.29707128	0.2629713	0.14755644
226	0.5704836	0.05789423	0.22239995	0.14922222
227	0.010098736	0.3425155	0.09075162	0.5566341
228	0.37173498	0.29238218	0.28736433	0.04851848
229	0.06679082	0.4524078	0.46719542	0.0136059625
230	0.032753225	0.08303591	0.18356118	0.7006497
231	0.13684346	0.6624007	0.07441312	0.12634268
232	0.016577844	0.3307251	0.55654925	0.09614782
233	0.149187	0.31856462	0.054137092	0.4781113
234	0.13339466	0.6386451	0.16425978	0.06370045
235	0.021115543	0.1262917	0.37806424	0.4745285
236	0.0693689	0.44602513	0.094304845	0.39030114
237	0.061636556	0.6055353	0.04751307	0.28531504
238	0.09158073	0.12878057	0.1618138	0.6178249
239	0.30840302	0.20199466	0.016360719	0.4732416
240	0.05515177	0.22760561	0.05920509	0.65803754
241	0.12677549	0.24144137	0.11628834	0.51549476
242	0.35641387	0.010514983	0.290706	0.34236512
243	0.056512214	0.780832	0.11489026	0.047765553
244	0.7356504	0.027020648	0.16271886	0.074610054
245	0.00911225	0.6224815	0.2427585	0.12564771
246	0.1981991	0.37830174	0.3764642	0.047034994
247	0.39919004	0.26636532	0.1509813	0.18346335
248	0.7278625	0.13513926	0.07064054	0.066357724
249	0.21900202	0.3148806	0.099984296	0.3661331
250	0.77624714	0.028342184	0.03955897	0.1558517
251	0.05110163	0.49311528	0.17058657	0.2851965
252	0.4046432	0.17856649	0.2285703	0.18822002
253	0.63857186	0.1397357	0.055132523	0.1665599
254	0.52394795	0.31212118	0.032879204	0.13105164
255	0.35244316	0.27514663	0.24505591	0.12735428
256	0.69851184	0.15374184	0.047040634	0.100705676
257	0.543612	0.3028807	0.12876965	0.024737606
258	0.5696222	0.13997921	0.25352883	0.036869723
259	0.36761892	0.077379204	0.23295416	0.3220477
260	0.16045949	0.34519863	0.17615099	0.3181909
261	0.0097312685	0.044343866	0.189807	0.7561179
262	0.2777324	0.5960554	0.010259252	0.11595296
263	0.59075403	0.24287064	0.07064159	0.09573372
264	0.65955174	0.051594798	0.107349426	0.18150407
265	0.55610347	0.18340714	0.057214275	0.20327513
266	0.26537082	0.03178822	0.47850534	0.22433563
267	0.09060671	0.022310764	0.60904086	0.27804166
268	0.33705005	0.180406	0.13986902	0.3426749
269	0.02182685	0.17542803	0.38815343	0.4145917
270	0.16458282	0.21247119	0.5262072	0.09673881
271	0.4326605	0.1086317	0.44535193	0.01335587
272	0.16673666	0.34601703	0.058452714	0.42879358
273	0.08134627	0.018924315	0.7407082	0.15902124
274	0.116770245	0.13385755	0.6095625	0.13980971
275	0.37830418	0.2646247	0.31448606	0.042585053
276	0.1907172	0.5703892	0.17655751	0.062336076
277	0.15985438	0.16303533	0.1084004	0.5687099
278	0.0035138037	0.5880632	0.22730108	0.18112196
279	0.12466648	0.6316354	0.03689565	0.20680243
280	0.192873	0.27206144	0.14734443	0.38772112
281	0.1942663	0.41852582	0.29632857	0.09087931
282	0.3466413	0.2992639	0.22712275	0.12697205
283	0.14339964	0.4649374	0.21277755	0.17888542
284	0.2841639	0.37783983	0.13313322	0.20486306
285	0.029646268	0.5645095	0.3440443	0.061799902
286	0.029032128	0.7248648	0.20705949	0.039043594
287	0.05449894	0.41818285	0.42420226	0.10311594
288	0.036221094	0.094393894	0.08165986	0.78772515
289	0.2830408	0.36679682	0.31375524	0.036407124
290	0.22874932	0.496152	0.12720217	0.14789651
291	0.4306312	0.33323905	0.22276054	0.013369222
292	0.0022104762	0.27568832	0.39034274	0.33175844
293	0.15504643	0.3273423	0.13667163	0.38093963
294	0.08964174	0.33321536	0.028194563	0.54894835
295	0.13993004	0.082632855	0.07587888	0.70155823
296	0.09080176	0.26065582	0.11543475	0.5331077
297	0.09529678	0.42546126	0.24790308	0.23133887
298	0.25309792	0.16764465	0.05290782	0.5263496
299	0.09694653	0.34617138	0.45213103	0.104751065
300	0.43841478	0.064387344	0.43499994	0.06219793
301	0.5324898	0.15064095	0.25764477	0.05922454
302	0.13265213	0.2710369	0.38889608	0.20741488
303	0.21803139	0.017271325	0.124285236	0.64041203
304	0.09906575	0.20852473	0.10762423	0.5847853
305	0.24625003	0.2111577	0.26794812	0.27464414
306	0.36757916	0.09762419	0.04444011	0.49035653
307	0.3270382	0.07657774	0.2886889	0.30769518
308	0.013595954	0.34175366	0.4044379	0.24021249
309	0.6209517	0.16883859	0.1496662	0.060543496
310	0.034463502	0.19013783	0.27816007	0.4972386
311	0.20551017	0.6346316	0.046873625	0.112984605
312	0.112949535	0.57767254	0.06623466	0.24314323
313	0.11232255	0.13865025	0.119678944	0.6293483
314	0.43079266	0.08751844	0.4603921	0.021296808
315	0.31160808	0.17022239	0.067466795	0.45070276
316	0.0005541829	0.7171378	0.18988024	0.09242775
317	0.2640069	0.50125325	0.15159726	0.08314258
318	0.08741349	0.12645325	0.48874968	0.29738358
319	0.3914654	0.2625861	0.03390969	0.3120388
320	0.026371907	0.1349347	0.086880445	0.75181293
321	0.16663645	0.115726635	0.41096416	0.30667272
322	0.0026901471	0.8681055	0.024440465	0.1047639
323	0.22303514	0.22259493	0.21887437	0.33549556
324	0.1543005	0.2425836	0.12256132	0.48055458
325	0.2814798	0.31699148	0.07055347	0.33097523
326	0.6971999	0.010883156	0.08525016	0.20666678
327	0.24354543	0.030581752	0.2241761	0.5016967
328	0.49711013	0.2618592	0.12470924	0.116321445
329	0.1574215	0.27493045	0.043394916	0.52425313
330	0.6239226	0.1913921	0.060907833	0.12377751
331	0.2092881	0.17846304	0.040199757	0.5720491
332	0.37831262	0.04370988	0.5365383	0.041439164
333	0.30145526	0.015398002	0.07136921	0.61177754
334	0.0072588753	0.75174326	0.16276033	0.078237526
335	0.06612766	0.40451318	0.2474951	0.28186408
336	0.119366094	0.1295305	0.0828783	0.6682251
337	0.15971513	0.051496793	0.7783947	0.01039341
338	0.2974851	0.2312791	0.10558472	0.36565107
339	0.1628529	0.3898975	0.0365925	0.4106571
340	0.32813877	0.0180597	0.15171541	0.5020861
341	0.51575464	0.34476823	0.07296455	0.06651257
342	0.061411865	0.22929853	0.6461688	0.06312075
343	0.037148498	0.47090057	0.19967912	0.29227182
344	0.4390235	0.16787003	0.3909985	0.0021079644
345	0.43578544	0.37905294	0.11747002	0.06769162
346	0.13126172	0.19675484	0.2770945	0.3948889
347	0.4267826	0.38383555	0.11588593	0.07349591
348	0.17612037	0.75677305	0.01469387	0.052412696
349	0.38780317	0.21945874	0.003083756	0.38965434
350	0.2610406	0.26971	0.11166137	0.35758802
351	0.17790474	0.41451487	0.39099106	0.016589345
352	0.34945115	0.39701512	0.22641332	0.02712039
353	0.31009236	0.45164245	0.099346906	0.1389183
354	0.104927965	0.39867795	0.08023595	0.41615814
355	0.11168462	0.1624998	0.38545462	0.34036097
356	0.05017323	0.34086943	0.42842478	0.18053257
357	0.22537823	0.50892836	0.14725558	0.1184378
358	0.23906301	0.10245747	0.6251645	0.03331502
359	0.07419816	0.04715954	0.26156262	0.6170797
360	0.35278416	0.00929995	0.48727915	0.15063673
361	0.5515447	0.2952259	0.112344235	0.04088518
362	0.3071716	0.27521017	0.21677957	0.20083861
363	0.28991514	0.16405554	0.10763281	0.4383965
364	0.019218938	0.35469654	0.37240314	0.25368136
365	0.1468987	0.21898052	0.25736907	0.3767517
366	0.044507105	0.26062155	0.5085256	0.18634576
367	0.008916548	0.2581384	0.11234572	0.6205993
368	0.29951233	0.0817718	0.473264	0.14545184
369	0.019594878	0.14040484	0.45116684	0.38883346
370	0.2584049	0.53913707	0.17887661	0.02358141
371	0.39735624	0.07890941	0.12720661	0.39652774
372	0.27044204	0.3383097	0.35515487	0.036093377
373	0.14386441	0.19927904	0.20354427	0.45331228
374	0.15890193	0.6991845	0.12029402	0.021619575
375	0.59970087	0.2981193	0.09959477	0.002585058
376	0.29453534	0.121355854	0.18430807	0.39980075
377	0.55886126	0.07842409	0.31311828	0.04959639
378	0.19549447	0.30794185	0.09297644	0.40358722
379	0.023688288	0.0612121	0.15794088	0.75715876
380	0.27605695	0.41648027	0.09274507	0.21471772
381	0.19712654	0.20017606	0.5801873	0.02251008
382	0.36237058	0.010593494	0.03101045	0.59602547
383	0.27775526	0.20360892	0.26701382	0.251622
384	0.08753717	0.19711636	0.530064	0.18528248
385	0.060430452	0.10514298	0.10216455	0.732262
386	0.543844	0.11905758	0.24710529	0.08999318
387	0.22484851	0.055358905	0.066446334	0.65334624
388	0.40231892	0.2008916	0.29181415	0.10497532
389	0.4551019	0.014823348	0.3460542	0.18402056
390	0.05330919	0.36563277	0.21369243	0.36736563
391	0.10183387	0.27150178	0.023997294	0.60266703
392	0.7027272	0.09676113	0.020926682	0.17958497
393	0.4198997	0.12617877	0.2216333	0.23228823
394	0.044057973	0.101985864	0.17379987	0.6801563
395	0.06875434	0.019287666	0.14836577	0.76359224
396	0.49013454	0.2504473	0.07637003	0.18304811
397	0.24623051	0.4486575	0.10202646	0.20308551
398	0.010541831	0.5054455	0.2598409	0.2241718
399	0.14957277	0.24077897	0.15674521	0.45290303
400	0.0011309858	0.032989334	0.22916493	0.7367148
401	0.63241607	0.08118369	0.19304198	0.09335823
402	0.20272106	0.22935551	0.2965235	0.27139992
403	0.61324275	0.0331091	0.09605502	0.25759315
404	0.18286552	0.04981539	0.5807749	0.18654418
405	0.47608307	0.2837859	0.19239907	0.047731936
406	0.34104937	0.2659715	0.09324714	0.29973197
407	0.5196691	0.004006894	0.41981265	0.056511328
408	0.0987131	0.013057249	0.66905254	0.21917713
409	0.44605127	0.028526697	0.36071542	0.16470662
410	0.38760373	0.027867366	0.14252414	0.44200477
411	0.16334216	0.28785127	0.03894049	0.50986606
412	0.09151113	0.36029458	0.056712955	0.49148133
413	0.20619449	0.009485293	0.019040642	0.7652796
414	0.79848766	0.10148535	0.07158448	0.02844254
415	0.33860806	0.20361817	0.26405233	0.19372144
416	0.001702088	0.1863148	0.74885654	0.06312656
417	0.01953227	0.37052837	0.0955552	0.51438415
418	0.09457833	0.12979406	0.25297576	0.52265185
419	0.15404803	0.3000971	0.12343084	0.42242402
420	0.2842474	0.058350183	0.20612733	0.4512751
421	0.09513519	0.5959411	0.043818984	0.26510468
422	0.22359386	0.10547701	0.15225838	0.51867074
423	0.30762324	0.044628162	0.40169612	0.24605247
424	0.06106816	0.20817655	0.38449475	0.34626052
425	0.07997509	0.121583275	0.15211768	0.646324
426	0.22760391	0.18973742	0.30042738	0.2822313
427	0.25864512	0.38883358	0.104657486	0.2478638
428	0.46481457	0.043520454	0.06501281	0.42665216
429	0.10188421	0.17329516	0.36412615	0.3606945
430	0.453016	0.119387284	0.39079976	0.036796942
431	0.32673913	0.04197527	0.17442971	0.4568559
432	0.50203794	0.025892386	0.39676002	0.07530966
433	0.3030993	0.4464617	0.17348388	0.07695511
434	0.5057552	0.023254767	0.46868047	0.0023095724
435	0.005132468	0.3337186	0.039327152	0.62182176
436	0.20783255	0.3447672	0.0011414563	0.44625878
437	0.025411177	0.06072245	0.23921639	0.67464995
438	0.379586	0.33008227	0.0038106071	0.2865211
439	0.16464025	0.34436944	0.3219562	0.16903412
440	0.3177628	0.36913773	0.19918087	0.11391861
441	0.23566803	0.31504104	0.059716783	0.38957414
442	0.40432712	0.4097855	0.18483879	0.0010485962
443	0.30110702	0.0055837375	0.40545568	0.28785357
444	0.051509373	0.11489207	0.4861594	0.34743914
445	0.32966065	0.3164688	0.2679437	0.08592684
446	0.14175977	0.1980732	0.012797129	0.6473699
447	0.29910484	0.24735315	0.014551875	0.43899015
448	0.010789544	0.013300113	0.012267938	0.9636424
449	0.085084565	0.12138222	0.76526564	0.028267562
450	0.05649053	0.4496321	0.35850886	0.13536851
451	0.13972522	0.055650264	0.28452954	0.520095
452	0.2747627	0.20482257	0.26104704	0.2593677
453	0.036410283	0.21658397	0.32189444	0.42511132
454	0.053591948	0.15368684	0.51379013	0.27893108
455	0.7239398	0.042859305	0.1744694	0.058731526
456	0.36680079	0.084497385	0.39424342	0.1544584
457	0.053640485	0.23361412	0.2694118	0.4433336
458	0.072003655	0.6880627	0.2336986	0.0062350277
459	0.11981826	0.020212354	0.012407895	0.8475615
460	0.42930537	0.2409969	0.069895014	0.25980273
461	0.07865091	0.00471246	0.1867556	0.72988105
462	0.060267687	0.14676996	0.19632787	0.5966345
463	0.18629104	0.3579242	0.28638878	0.16939595
464	0.046480786	0.31684488	0.055891417	0.58078295
465	0.5213793	0.25879025	0.020915963	0.19891451
466	0.052714642	0.15932271	0.7535709	0.034391746
467	0.21182726	0.079074815	0.066346794	0.6427511
468	0.4083676	0.13252042	0.3672428	0.09186916
469	0.12088053	0.56583536	0.28517184	0.028112255
470	0.66963816	0.045282464	0.124801636	0.16027775
471	0.025580509	0.50653166	0.12247546	0.34541237
472	0.08953154	0.8007237	0.051994298	0.05775051
473	0.18362762	0.1744563	0.4438799	0.19803616
474	0.55836296	0.06944653	0.34601054	0.026179953
475	0.026557006	0.24309915	0.21475464	0.5155892
476	0.018766116	0.37513682	0.20695476	0.39914232
477	0.08281856	0.039693587	0.46845567	0.40903217
478	0.55581605	0.31121397	0.12793683	0.0050331648
479	0.01686774	0.10424368	0.63346446	0.24542414
480	0.14821042	0.06961183	0.33789343	0.44428432
481	0.36282885	0.009384764	0.27213222	0.35565415
482	0.0122448	0.3154433	0.2882525	0.38405937
483	0.29973692	0.012763283	0.39651474	0.29098505
484	0.11773038	0.12935965	0.7188788	0.03403116
485	0.3724062	0.10211281	0.44907847	0.0764025
486	0.21079175	0.5991992	0.102388285	0.087620795
487	0.46251994	0.11075161	0.21857138	0.20815709
488	0.11379931	0.3960743	0.0025959923	0.4875304
489	0.038617868	0.09538568	0.41840604	0.4475904
490	0.0153040225	0.26151723	0.13430764	0.5888711
491	0.35053346	0.31844527	0.26113695	0.06988434
492	0.22937347	0.30516028	0.3435123	0.12195395
493	0.19854932	0.383924	0.3356274	0.081899256
494	0.27231285	0.24994755	0.14140885	0.33633074
495	0.06408774	0.013566084	0.8028776	0.119468585
496	0.053847454	0.46362403	0.14447059	0.33805794
497	0.2937428	0.50263244	0.20337585	0.00024888734
498	0.17726603	0.68582994	0.023508059	0.11339595
499	0.37179714	0.03510501	0.19715574	0.39594212
500	0.30969098	0.022078555	0.29194817	0.3762823
501	0.2506923	0.22219042	0.005776838	0.5213404
502	0.022415822	0.4307889	0.25723118	0.28956407
503	0.24745609	0.2103136	0.34155965	0.20067067
504	0.030488491	0.06548806	0.8812628	0.022760654
505	0.24301724	0.15179941	0.16430505	0.4408783
506	0.02196276	0.05809918	0.5850064	0.33493167
507	0.323241	0.13905483	0.2215673	0.3161369
508	0.18782988	0.512542	0.068965204	0.2306629
509	0.32945263	0.048630893	0.19570647	0.42621
510	0.19315602	0.09625432	0.65119654	0.05939309
511	0.026922697	0.07957882	0.8599261	0.03357238
512	0.21508706	0.12307025	0.0915115	0.5703312
513	0.27163434	0.27360114	0.4301478	0.024616698
514	0.1513584	0.26271665	0.27942055	0.3065044
515	0.09931351	0.01099094	0.38579747	0.5038981
516	0.11662914	0.29753655	0.03647782	0.54935646
517	0.32527274	0.05992054	0.5141169	0.10068982
518	0.06769146	0.6747571	0.0008555558	0.25669584
519	0.5583399	0.1692439	0.14040038	0.13201581
520	0.4295465	0.08695819	0.4334601	0.050035212
521	0.025895467	0.45473877	0.30740348	0.2119623
522	0.031315245	0.17143646	0.30395398	0.4932943
523	0.4489308	0.19284788	0.14803036	0.21019097
524	0.4489866	0.061579727	0.09026103	0.39917266
525	0.7243675	0.14006019	0.11894761	0.016624708
526	0.14332595	0.4361696	0.3905828	0.029921647
527	0.44302157	0.002948786	0.54895276	0.0050768666
528	0.28886217	0.1658127	0.51112264	0.0342025
529	0.14245577	0.020136835	0.7606132	0.076794215
530	0.26375845	0.14762546	0.37489408	0.21372198
531	0.04893545	0.032023426	0.1545903	0.76445085
532	0.3096289	0.58750147	0.093364544	0.009505065
533	0.30639404	0.31727228	0.09333369	0.283
534	0.4617094	0.3608193	0.08379491	0.09367637
535	0.1483738	0.7514612	0.01802263	0.08214239
536	0.090012565	0.31482345	0.20165361	0.39351037
537	0.23862195	0.2627622	0.4411854	0.057430435
538	0.6040312	0.13723114	0.06733167	0.19140595
539	0.17400666	0.3941106	0.027924431	0.40395832
540	0.35757974	0.48613435	0.084655665	0.071630254
541	0.037846763	0.13290687	0.6380172	0.19122922
542	0.05941548	0.50643516	0.080421306	0.35372803
543	0.03120519	0.42820176	0.51456964	0.026023429
544	0.119860925	0.07616128	0.046406724	0.7575711
545	0.5084837	0.13735563	0.28459948	0.069561206
546	0.022027602	0.20915392	0.6990017	0.06981673
547	0.63521093	0.042342395	0.13080986	0.19163682
548	0.065492965	0.20288122	0.14532468	0.58630115
549	0.12482696	0.2598366	0.33604932	0.2792871
550	0.18668206	0.19243014	0.21153611	0.4093517
551	0.2741198	0.29036465	0.06746763	0.36804792
552	0.33784834	0.13781638	0.012678541	0.51165676
553	0.101306304	0.57986706	0.08321409	0.23561251
554	0.2663307	0.18904571	0.11591566	0.42870793
555	0.16460331	0.5026021	0.25869453	0.07410008
556	0.023305802	0.53754234	0.14774524	0.29140663
557	0.38323897	0.09294867	0.101730675	0.4220817
558	0.40899497	0.10250112	0.41824836	0.07025556
559	0.3560386	0.54047525	0.005449876	0.098036245
560	0.10284125	0.26536447	0.22067921	0.41111505
561	0.031459562	0.23397447	0.5656104	0.16895553
562	0.2870898	0.45599264	0.19681583	0.060101755
563	0.06370949	0.18728797	0.46887255	0.28012997
564	0.3026235	0.17260434	0.4025912	0.12218094
565	0.54323983	0.16663067	0.041258097	0.24887142
566	0.17885113	0.06343325	0.39917612	0.35853952
567	0.121590406	0.23163205	0.037863955	0.6089136
568	0.3975808	0.23647612	0.27587217	0.09007089
569	0.39962155	0.091631494	0.1480003	0.36074665
570	0.46961653	0.016763436	0.42327076	0.09034927
571	0.57307434	0.040459517	0.14915305	0.23731306
572	0.745357	0.0488902	0.09996429	0.10578853
573	0.2996099	0.012060743	0.5530705	0.13525885
574	0.1589529	0.26828796	0.24040999	0.33234915
575	0.3150921	0.06385901	0.05243589	0.56861305
576	0.11906346	0.6848678	0.034987215	0.16108152
577	0.7367715	0.054393012	0.02165157	0.1871839
578	0.48964474	0.12685479	0.062922865	0.3205776
579	0.15332513	0.34402224	0.40743124	0.09522138
580	0.07965568	0.1979852	0.52117455	0.20118457
581	0.39896002	0.108294666	0.27270833	0.22003698
582	0.38720754	0.03259641	0.22415271	0.35604334
583	0.13355845	0.5994487	0.119482696	0.14751014
584	0.30691618	0.22401401	0.11776539	0.3513044
585	0.020917786	0.13430175	0.31023923	0.53454125
586	0.18391925	0.5623078	0.0049452274	0.24882773
587	0.0023801706	0.26527926	0.2281768	0.50416374
588	0.07823215	0.2857889	0.032735888	0.60324305
589	0.06951368	0.06708332	0.23141168	0.6319913
590	0.21180819	0.6164896	0.040941898	0.13076036
591	0.16803415	0.27457172	0.01954422	0.5378499
592	0.27770883	0.40203992	0.10197683	0.21827443
593	0.037013702	0.1647269	0.6600238	0.13823555
594	0.38791525	0.18884835	0.3695537	0.053682726
595	0.06569913	0.063283235	0.52839315	0.3426245
596	0.058206614	0.6611969	0.020347841	0.26024863
597	0.52653116	0.26854038	0.12881637	0.076112114
598	0.29088613	0.09651609	0.5127359	0.09986188
599	0.03842664	0.014329424	0.5440539	0.40319
600	0.123642646	0.25123724	0.38258883	0.24253128
601	0.120163955	0.6200099	0.20979387	0.050032284
602	0.2114119	0.0010230074	0.7694657	0.018099431
603	0.074467376	0.6627303	0.007167966	0.2556344
604	0.11616485	0.23117746	0.17969784	0.47295985
605	0.105210274	0.12588066	0.39440686	0.3745022
606	0.34631407	0.21974342	0.04746938	0.38647312
607	0.36035544	0.038543817	0.32619068	0.27491006
608	0.8019314	0.07547203	0.08688287	0.03571375
609	0.39482385	0.0449191	0.07372858	0.4865285
610	0.21429598	0.42436177	0.3176523	0.04368996
611	0.06815559	0.39373612	0.005427033	0.5326813
612	0.6665547	0.13157097	0.038821444	0.16305287
613	0.05420421	0.1314248	0.23470786	0.57966316
614	0.1029392	0.1357728	0.6328043	0.1284837
615	0.14225428	0.6178072	0.008421443	0.23151708
616	0.2581955	0.35191515	0.33381283	0.056076534
617	0.006362597	0.25498462	0.5996639	0.13898884
618	0.43217576	0.12362264	0.07361339	0.3705882
619	0.42330003	0.26021188	0.29878733	0.01770079
620	1.5330496e-06	0.7242583	0.01137037	0.2643698
621	0.28984892	0.14233251	0.321043	0.24677557
622	0.47098833	0.05501268	0.17141692	0.30258206
623	0.30794612	0.16307439	0.52814007	0.0008394426
624	0.33060768	0.030099666	0.31586698	0.32342568
625	0.036925573	0.52228165	0.13584538	0.3049474
626	0.054746952	0.21690632	0.6867544	0.041592333
627	0.148373	0.28158075	0.46563652	0.10440974
628	0.23148274	0.5229179	0.18829119	0.05730814
629	0.2648003	0.11644023	0.39128518	0.2274743
630	0.4531987	0.16610868	0.35475615	0.0259365
631	0.33103332	0.1883588	0.08976436	0.39084354
632	0.5072421	0.3770829	0.07077466	0.044900343
633	0.26789832	0.32247955	0.29010943	0.1195127
634	0.105707556	0.21462926	0.6726255	0.0070377006
635	0.62360066	0.31061324	0.024783969	0.04100212
636	0.38656303	0.2391551	0.26063865	0.113643214
637	0.7652159	0.03274565	0.01847396	0.18356453
638	0.10384693	0.16649313	0.2421768	0.48748314
639	0.01021789	0.09418163	0.48583242	0.40976804
640	0.019287175	0.29710236	0.0019646527	0.6816458
641	0.1236796	0.37904188	0.45171335	0.045565147
642	0.3925075	0.016543547	0.15019831	0.44075063
643	0.24709122	0.04281797	0.34929845	0.36079237
644	0.1264375	0.030160168	0.6646342	0.17876811
645	0.24978137	0.43565935	0.13393618	0.1806231
646	0.48590216	0.2588292	0.14067456	0.114594065
647	0.21078894	0.06960593	0.3457533	0.3738518
648	0.0353028	0.06530689	0.48777723	0.41161308
649	0.6074895	0.10018558	0.05771317	0.23461173
650	0.18116559	0.13424952	0.41176906	0.27281582
651	0.25891286	0.123311184	0.5339003	0.083875656
652	0.72041726	0.1333029	0.037692487	0.10858738
653	0.1818469	0.22422683	0.526929	0.066997275
654	0.12842843	0.2580732	0.47020003	0.14329833
655	0.06049026	0.09576422	0.32643327	0.5173122
656	0.6508898	0.16736892	0.017353274	0.16438797
657	0.60198146	0.2825518	0.06639978	0.04906694
658	0.16231683	0.13991053	0.38088185	0.31689078
659	0.37232348	0.19730985	0.34232795	0.088038705
660	0.095903255	0.31299394	0.3722855	0.21881731
661	0.28209648	0.65878963	0.020746492	0.038367398
662	0.48050198	0.38901833	0.025787206	0.104692474
663	0.37408388	0.07426347	0.123078175	0.42857447
664	0.184757	0.09644162	0.33305085	0.38575053
665	0.56618196	0.08631285	0.042228565	0.30527663
666	0.06633432	0.019051537	0.3651446	0.54946953
667	0.033349764	0.67912674	0.06728183	0.22024168
668	0.17936315	0.07232385	0.7340158	0.01429721
669	0.1932773	0.14443363	0.6088369	0.053452153
670	0.07367047	0.120604455	0.32927278	0.47645232
671	0.17572145	0.20101771	0.016372737	0.6068881
672	0.009692896	0.011023697	0.59947443	0.379809
673	0.31550854	0.026350956	0.30275968	0.3553808
674	0.016427355	0.56878644	0.12440366	0.29038253
675	0.24555597	0.34062892	0.1793069	0.2345082
676	0.34689695	0.5384202	0.031159103	0.08352377
677	0.07753593	0.43955824	0.051345684	0.43156016
678	0.55467963	0.101801544	0.3125253	0.030993547
679	0.05726919	0.04155904	0.35230953	0.5488622
680	0.18707502	0.36877498	0.3273095	0.11684051
681	0.07981025	0.16467883	0.41962895	0.33588198
682	0.39275143	0.09546445	0.5082223	0.003561857
683	0.13734916	0.011924306	0.7554533	0.09527326
684	0.3403989	0.08571833	0.09749486	0.4763879
685	0.25686228	0.08655441	0.50627244	0.15031086
686	0.014805386	0.57567847	0.08386401	0.32565212
687	0.36423174	0.27694595	0.33909488	0.019727437
688	0.13306944	0.019204546	0.09908602	0.74864
689	0.038423553	0.7619715	0.1873883	0.012216677
690	0.11110963	0.02124273	0.12855762	0.73909
691	0.094289035	0.66945016	0.23321666	0.0030441447
692	0.03307888	0.11870095	0.46901172	0.37920845
693	0.22836247	0.51457214	0.104500204	0.15256521
694	0.1363637	0.24184385	0.4291513	0.19264115
695	0.08623789	0.17816038	0.09364535	0.6419564
696	0.065947056	0.117148906	0.6700229	0.14688115
697	0.46423125	0.22942485	0.22390817	0.08243572
698	0.048351962	0.02476511	0.22563103	0.7012519
699	0.22586869	0.6624476	0.050721228	0.0609625
700	0.309569	0.20506515	0.33061418	0.15475167
701	0.3999183	0.07830498	0.12310713	0.3986696
702	0.2241705	0.021453312	0.17809232	0.5762839
703	0.4731787	0.11915303	0.22254877	0.1851195
704	0.12961158	0.25993624	0.27685246	0.33359975
705	0.09906846	0.2290524	0.17949618	0.49238297
706	0.30785075	0.08604102	0.56690735	0.039200876
707	0.54407406	0.06910657	0.32460153	0.06221783
708	0.20149067	0.16679567	0.21621399	0.4154997
709	0.073091514	0.38717908	0.21546844	0.32426098
710	0.3320276	0.15267824	0.2591816	0.25611255
711	0.06804935	0.03529195	0.17564175	0.72101694
712	0.22963406	0.49517128	0.111607	0.16358767
713	0.010995681	0.07076376	0.78856814	0.1296724
714	0.3881396	0.2500379	0.08455489	0.2772676
715	0.021791328	0.6573464	0.21592125	0.10494102
716	0.30009037	0.07610331	0.3448986	0.27890772
717	0.3823154	0.15024531	0.39275563	0.07468366
718	0.107269965	0.21354045	0.50941336	0.16977619
719	0.47500688	0.18240984	0.16041237	0.1821709
720	0.44648314	0.10389174	0.07125724	0.3783679
721	0.38532683	0.4420096	0.122822866	0.049840685
722	0.0074160346	0.4200987	0.120357536	0.45212772
723	0.12882452	0.24465558	0.2630792	0.36344072
724	0.43249404	0.17122304	0.23995931	0.1563236
725	0.31278086	0.21505056	0.17684144	0.29532716
726	0.16400191	0.12465747	0.45801133	0.2533293
727	0.45516363	0.04658201	0.031767465	0.4664869
728	0.1590727	0.19771548	0.59439397	0.04881788
729	0.03007134	0.04347332	0.30922896	0.61722636
730	0.43126783	0.0059315674	0.5155569	0.047243774
731	0.4712967	0.094492175	0.24804123	0.18616991
732	0.30851585	0.28028905	0.40282986	0.008365218
733	0.25098276	0.15955716	0.43821228	0.1512478
734	0.14247136	0.3254992	0.09296966	0.43905976
735	0.08149992	0.26152644	0.37534735	0.2816263
736	0.15255223	0.39326558	0.13479272	0.3193895
737	0.5564639	0.32829887	0.07646943	0.03876779
738	0.04308439	0.06957713	0.6340171	0.25332138
739	0.08048606	0.7431133	0.09001086	0.08638977
740	0.3921885	0.11214741	0.49147385	0.004190259
741	0.33705443	0.28629833	0.22149977	0.15514748
742	0.52964854	0.16239716	0.112222165	0.19573212
743	0.041814916	0.9070783	0.034584805	0.016521929
744	0.040479086	0.17971134	0.58451647	0.19529308
745	0.018862467	0.22255094	0.5107846	0.24780197
746	0.08744876	0.002074164	0.6730694	0.23740764
747	0.08136529	0.016999623	0.45492226	0.44671282
748	0.08878205	0.12104166	0.07128295	0.71889335
749	0.09214185	0.708125	0.1958516	0.003881581
750	0.13246939	0.5317295	0.27437028	0.06143081
751	0.11831322	0.19962297	0.52508724	0.1569766
752	0.3866502	0.09298975	0.367799	0.15256104
753	0.03732361	0.2573938	0.13468288	0.5705997
754	0.19749255	0.0133798225	0.05641086	0.73271674
755	0.12882142	0.10851348	0.61814773	0.14451739
756	0.262019	0.03996552	0.3051013	0.39291418
757	0.012606692	0.7576774	0.11010826	0.119607665
758	0.14223334	0.645778	0.17907737	0.0329113
759	0.42406237	0.012735609	0.06756804	0.49563396
760	0.38623968	0.04799111	0.06489658	0.5008727
761	0.07182098	0.36756644	0.54019254	0.020420056
762	0.010851553	0.09321547	0.6699922	0.22594075
763	0.1747274	0.65815866	0.16089688	0.0062170457
764	0.29882747	0.4200333	0.06523497	0.21590427
765	0.40364593	0.23990697	0.16101266	0.19543442
766	0.5397018	0.22635219	0.14845501	0.08549097
767	0.48859212	0.20508064	0.05449023	0.251837
768	0.24290833	0.11748741	0.5905036	0.0491007
769	0.20753472	0.2571086	0.18710713	0.34824955
770	0.1871209	0.39235282	0.18948533	0.23104094
771	0.10951291	0.20042893	0.59642935	0.09362882
772	0.22071362	0.19567902	0.25041902	0.33318833
773	0.125203	0.1166181	0.32098195	0.43719697
774	0.008075786	0.634623	0.15682188	0.20047934
775	0.2875905	0.007983334	0.31465226	0.3897739
776	0.12016751	0.07650072	0.10414329	0.6991885
777	0.6846279	0.18075776	0.105440386	0.029173994
778	0.14757042	0.2699966	0.06275474	0.51967824
779	0.011950514	0.6752893	0.06115465	0.25160557
780	0.61224777	0.15728126	0.090607904	0.13986307
781	0.0039910357	0.3396592	0.06862088	0.58772886
782	0.19598989	0.16890794	0.27299756	0.36210462
783	0.1899862	0.0035294835	0.49741444	0.30906987
784	0.23987496	0.57904196	0.1033297	0.07775338
785	0.38636768	0.39041963	0.18571721	0.037495505
786	0.009163416	0.021926895	0.12237417	0.8465355
787	0.2964202	0.23517647	0.3883024	0.08010094
788	0.06414804	0.06338995	0.6885584	0.18390363
789	0.538874	0.1450501	0.17545919	0.14061674
790	0.3709368	0.48560575	0.10479201	0.038665444
791	0.01756566	0.2981839	0.24273026	0.44152018
792	0.1733943	0.6947472	0.008258411	0.12360009
793	0.00037854433	0.50046074	0.16503495	0.33412576
794	0.14402887	0.22384375	0.5430253	0.08910206
795	0.50966185	0.09529202	0.24932535	0.14572081
796	0.3223207	0.025313487	0.23773617	0.41462964
797	0.51269424	0.2520338	0.111019276	0.12425271
798	0.48335668	0.0490009	0.36073983	0.1069026
799	0.09728273	0.13305618	0.73212844	0.037532624
800	0.09451667	0.53917265	0.11542143	0.2508892
801	0.037032284	0.40715724	0.015831597	0.53997886
802	0.10852512	0.07484033	0.36893776	0.4476968
803	0.12605605	0.03177554	0.19543932	0.6467291
804	0.19546524	0.5192583	0.101122774	0.1841537
805	0.23512064	0.09584953	0.42175958	0.24727027
806	0.021942474	0.33231306	0.4457214	0.20002307
807	0.11046559	0.29273468	0.5966253	0.00017440294
808	0.36277133	0.049646366	0.09705659	0.4905257
809	0.02590719	0.42022422	0.20053832	0.35333025
810	0.44879502	0.44148397	0.05614569	0.053575322
811	0.022744378	0.3096432	0.402669	0.26494342
812	0.17346789	0.20528626	0.35869226	0.2625536
813	0.27338058	0.36447695	0.19364883	0.16849363
814	0.37717244	0.14067744	0.36795467	0.11419545
815	0.08245071	0.68905044	0.027147917	0.20135093
816	0.29750955	0.06755536	0.22396077	0.41097432
817	0.006422369	0.5040023	0.48892516	0.0006502195
818	0.3625907	0.14031732	0.23535806	0.26173392
819	0.025535164	0.50404537	0.11065312	0.35976633
820	0.25674006	0.03200004	0.5982906	0.112969294
821	0.08648699	0.3723021	0.5266791	0.014531827
822	0.52536535	0.17711961	0.16653843	0.13097662
823	0.32630202	0.3229737	0.08217933	0.26854494
824	0.02763709	0.21705087	0.47282138	0.28249067
825	0.7063772	0.100907944	0.057860002	0.13485487
826	0.55852056	0.11285	0.31706253	0.011566897
827	0.32130545	0.17777054	0.42747346	0.07345055
828	0.31232932	0.1962244	0.23411182	0.25733447
829	0.3533044	0.12514025	0.10330599	0.41824937
830	0.47482455	0.07407354	0.27249357	0.17860833
831	0.17503436	0.21331607	0.3093717	0.30227783
832	0.2046077	0.17648494	0.31350183	0.30540553
833	0.16041784	0.39343667	0.37485713	0.071288355
834	0.3161569	0.08697927	0.031777956	0.5650859
835	0.11667171	0.053811762	0.57697976	0.2525368
836	0.14148764	0.1912718	0.63730884	0.029931745
837	0.64189726	0.0040993	0.2159744	0.138029
838	0.64551353	0.13839091	0.018423177	0.19767238
839	0.08873542	0.737695	0.051668786	0.1219008
840	0.15891229	0.008030076	0.026612567	0.80644506
841	0.8406882	0.017224805	0.09171181	0.050375137
842	0.19752645	0.17052458	0.5965461	0.03540286
843	0.56545305	0.08045841	0.10245088	0.25163767
844	0.16137393	0.037424814	0.77083904	0.030362224
845	0.30603534	0.04487069	0.20805277	0.4410412
846	0.22040956	0.30160177	0.46897587	0.0090127885
847	0.023890436	0.5393068	0.3591604	0.07764235
848	0.4384943	0.082369484	0.38989946	0.08923674
849	0.49414325	0.08799705	0.23218518	0.18567452
850	0.12749869	0.1907438	0.09802725	0.5837303
851	0.31140986	0.23538168	0.19243096	0.26077753
852	0.06750649	0.021997698	0.61068743	0.29980835
853	0.10618708	0.21159767	0.3523097	0.32990554
854	0.3708907	0.23536421	0.37517223	0.01857284
855	0.10631218	0.528764	0.18397176	0.18095206
856	0.258757	0.4244484	0.020768592	0.29602602
857	0.34898594	0.21679892	0.24505536	0.18915978
858	0.6179512	0.27167973	0.02454171	0.08582733
859	0.0117331445	0.4112618	0.03801979	0.53898525
860	0.36093825	0.07057262	0.37979966	0.18868947
861	0.077990875	0.13442852	0.61537284	0.17220774
862	0.22823156	0.32050067	0.3826618	0.06860597
863	0.3525396	0.2733557	0.20951909	0.16458562
864	0.68461215	0.023908857	0.05321147	0.23826751
865	0.046553437	0.3313096	0.31092492	0.31121206
866	0.018088138	0.08673232	0.13412125	0.7610583
867	0.11896296	0.13577092	0.35844734	0.3868188
868	0.51763445	0.019016758	0.28651404	0.17683475
869	0.4424028	0.21126175	0.011117636	0.3352178
870	0.47274005	0.21804732	0.25746635	0.051746283
871	0.051344972	0.66367394	0.21618089	0.06880019
872	0.0025000619	0.06003968	0.3430589	0.59440136
873	0.028152667	0.22109011	0.44519937	0.30555785
874	0.07180638	0.34086627	0.55641097	0.030916402
875	0.102356076	0.08463335	0.7531047	0.059905898
876	0.45105082	0.0628136	0.33421552	0.15192007
877	0.14276038	0.33953223	0.48603466	0.031672735
878	0.23302576	0.026928455	0.47614253	0.2639033
879	0.26963407	0.055977307	0.46409	0.21029864
880	0.7209892	0.26188943	0.009743458	0.007377906
881	0.27928418	0.030098934	0.6598686	0.030748257
882	0.30629006	0.00843899	0.040955003	0.64431596
883	0.39280516	0.010218136	0.5849345	0.012042211
884	0.3723118	0.3468873	0.12426212	0.15653878
885	0.038439915	0.3191209	0.30288497	0.3395542
886	0.35512644	0.04941835	0.4203018	0.17515342
887	0.027151797	0.08447612	0.8259444	0.062427685
888	0.17798446	0.6898463	0.02440336	0.107765906
889	0.25607976	0.12338683	0.17888136	0.44165206
890	0.3426893	0.37732336	0.09936106	0.18062629
891	0.15250276	0.11931406	0.18526775	0.54291546
892	0.0743278	0.27298498	0.6499985	0.0026887718
893	0.20771524	0.061442234	0.17886299	0.55197954
894	0.298589	0.3685754	0.15734357	0.17549205
895	0.14427707	0.11993498	0.0061544245	0.7296335
896	0.28542012	0.2709567	0.09273642	0.35088676
897	0.16528265	0.07714002	0.19709238	0.56048495
898	0.039307155	0.028884528	0.848925	0.08288331
899	0.18345736	0.100991294	0.08854291	0.62700844
900	0.10549284	0.79936635	0.0771291	0.018011682
901	0.06816014	0.23772639	0.14363417	0.5504793
902	0.014125086	0.26460117	0.2357293	0.48554444
903	0.2885556	0.082637444	0.53386825	0.094938725
904	0.6639704	0.29170755	0.038095273	0.0062267985
905	0.22786556	0.11440096	0.14629291	0.5114406
906	0.39546412	0.14727375	0.040105287	0.41715685
907	0.09296618	0.7229959	0.11020196	0.073836
908	0.5231641	0.1367999	0.18090157	0.15913445
909	0.26800728	0.31652367	0.2690246	0.14644444
910	0.03160817	0.1553247	0.44922167	0.36384547
911	0.39886773	0.24184176	0.059323676	0.29996684
912	0.49403882	0.094960384	0.0074589355	0.40354186
913	0.50414044	0.19166277	0.25878742	0.04540939
914	0.03992872	0.8413036	0.03555265	0.083215035
915	0.053680383	0.43302968	0.510948	0.0023419268
916	0.13398376	0.040342525	0.21311976	0.61255395
917	0.31999812	0.19058065	0.17078258	0.31863865
918	0.43620515	0.13750637	0.04142156	0.38486692
919	0.068990365	0.09304012	0.6769533	0.1610162
920	0.10943725	0.006020956	0.12507577	0.759466
921	0.20070696	0.038097147	0.21256565	0.54863024
922	0.46645257	0.33238772	0.19212687	0.009032845
923	0.054760776	0.5726164	0.1282826	0.2443402
924	0.5648604	0.32940996	0.0086962115	0.09703344
925	0.36812195	0.24737112	0.13776274	0.2467442
926	0.2286466	0.16773081	0.22515078	0.3784718
927	0.24585858	0.4539881	0.19090307	0.10925023
928	0.09465346	0.16874278	0.4422862	0.29431757
929	0.34525087	0.5095947	0.06446716	0.080687284
930	0.073241174	0.25887766	0.09935498	0.56852615
931	0.33701333	0.16972513	0.26427966	0.22898188
932	0.03318888	0.33881277	0.50462055	0.1233778
933	0.11580938	0.028384421	0.44789186	0.40791434
934	0.073263615	0.06545114	0.66014814	0.20113713
935	0.17909245	0.054446604	0.1879849	0.5784761
936	0.25488952	0.4734197	0.25434345	0.017347336
937	0.51585484	0.06454239	0.29115236	0.12845044
938	0.39487347	0.23770548	0.18252194	0.18489909
939	0.5359384	0.13894533	0.10455352	0.22056277
940	0.21666731	0.55589956	0.04766988	0.17976327
941	0.43019712	0.1700264	0.16031267	0.2394638
942	0.4334368	0.21060412	0.017158654	0.3388004
943	0.07001298	0.30632827	0.45091856	0.17274022
944	0.2370435	0.42954516	0.0656454	0.26776594
945	0.5010763	0.08148754	0.24536484	0.17207135
946	0.22819535	0.23040822	0.29250136	0.24889506
947	0.08927367	0.16187468	0.2514541	0.49739757
948	0.189772	0.15163639	0.63426477	0.024326855
949	0.35931274	0.21362607	0.34508413	0.08197705
950	0.18877524	0.24478716	0.48289073	0.083546884
951	0.137737	0.4546192	0.1286403	0.2790035
952	0.20324674	0.06864155	0.207988	0.5201237
953	0.18954216	0.04427614	0.52596706	0.24021466
954	0.01348605	0.63692063	0.16535255	0.18424077
955	0.08844048	0.48212975	0.11599589	0.31343386
956	0.24019334	0.17883667	0.19743758	0.3835324
957	0.7024776	0.25914973	0.0030589905	0.03531368
958	0.1453655	0.48231286	0.3251378	0.047183838
959	0.04306283	0.19595209	0.04608681	0.7148983
960	0.15687136	0.48648116	0.20623481	0.15041266
961	0.27924192	0.010138142	0.3200523	0.39056763
962	0.44271943	0.16448012	0.34784415	0.044956304
963	0.34295908	0.3292201	0.31352603	0.014294794
964	0.33310375	0.025575314	0.41412154	0.22719942
965	0.28225428	0.014936504	0.31592244	0.3868868
966	0.1248181	0.19821967	0.029216396	0.64774585
967	0.082921736	0.41692814	0.26571888	0.23443125
968	0.18854387	0.6736384	0.12280449	0.015013242
969	0.24855645	0.10379679	0.405753	0.24189378
970	0.38937846	0.38787618	0.12917328	0.093572065
971	0.18991779	0.066225566	0.15421951	0.58963716
972	0.1650644	0.08149922	0.37164414	0.38179225
973	0.15349844	0.38483402	0.20331757	0.25834998
974	0.47996855	0.3475542	0.15797818	0.014499062
975	0.25069284	0.22862981	0.39426658	0.12641075
976	0.80409455	0.0010554107	0.07941791	0.11543212
977	0.41581252	0.01812794	0.4522493	0.11381025
978	0.09728538	0.5170365	0.18084152	0.20483659
979	0.036967237	0.06788687	0.03291486	0.862231
980	0.51521593	0.16135697	0.051573604	0.27185348
981	0.13087033	0.024810372	0.21353021	0.6307891
982	0.54556084	0.064278886	0.12794094	0.2622193
983	0.0652354	0.08283907	0.28656837	0.56535715
984	0.17209467	0.2887954	0.15428019	0.38482973
985	0.35252777	0.54701054	0.0916225	0.008839205
986	0.14780574	0.4979839	0.10591611	0.24829423
987	0.033719093	0.8601605	0.05778336	0.048337024
988	0.027787173	0.34650537	0.5869017	0.038805705
989	0.58445495	0.04594597	0.229195	0.14040405
990	0.14158422	0.0014577202	0.26031533	0.59664273
991	0.49950114	0.24803971	0.20749973	0.04495945
992	0.4231199	0.04034958	0.44955745	0.086973056
993	0.115445025	0.12984411	0.44040146	0.3143094
994	0.16612361	0.03526158	0.4002986	0.39831623
995	0.21116589	0.4865295	0.24173918	0.060565416
996	0.09173926	0.09643913	0.0317593	0.7800623
997	0.0192677	0.36005247	0.52000564	0.10067421
998	0.092424676	0.57557607	0.2672279	0.06477139
999	0.34150434	0.18613975	0.1772433	0.2951126
